date,symbol,day_flow_usd,sum21_usd,cumulative_usd
2024-01-11,IBIT,45254866,0,45254866
2024-01-12,IBIT,23982715,0,69237581
2024-01-13,IBIT,47107610,0,116345191
2024-01-16,IBIT,46151324,0,162496515
2024-01-17,IBIT,32139836,0,194636351
2024-01-18,IBIT,37384382,0,232020733
2024-01-19,IBIT,33809718,0,265830451
2024-01-20,IBIT,26175018,0,292005469
2024-01-23,IBIT,45405960,0,337411429
2024-01-24,IBIT,23831333,0,361242762
2024-01-25,IBIT,37078120,0,398320882
2024-01-26,IBIT,44198133,0,442519015
2024-01-27,IBIT,36837105,0,479356120
2024-01-30,IBIT,42419162,0,521775282
2024-01-31,IBIT,13254539,0,535029821
2024-02-01,IBIT,15609207,0,550639028
2024-02-02,IBIT,35471580,0,586110608
2024-02-03,IBIT,37719568,0,623830176
2024-02-06,IBIT,45351261,0,669181437
2024-02-07,IBIT,37228267,0,706409704
2024-02-08,IBIT,47813751,754223455,754223455
2024-02-09,IBIT,58698735,767667324,812922190
2024-02-10,IBIT,23792630,767477239,836714820
2024-02-13,IBIT,15861758,736231387,852576578
2024-02-14,IBIT,32319989,722400052,884896567
2024-02-15,IBIT,34556105,724816321,919452672
2024-02-16,IBIT,39062860,726494799,958515532
2024-02-17,IBIT,7564979,700250060,966080511
2024-02-20,IBIT,33042553,707117595,999123064
2024-02-21,IBIT,18993639,680705274,1018116703
2024-02-22,IBIT,21595465,678469406,1039712168
2024-02-23,IBIT,23430185,664821471,1063142353
2024-02-24,IBIT,40607804,661231142,1103750157
2024-02-27,IBIT,19847003,644241040,1123597160
2024-02-28,IBIT,25002032,626823910,1148599192
2024-02-29,IBIT,11640217,625209588,1160239409
2024-03-01,IBIT,36269017,645869398,1196508426
2024-03-02,IBIT,26297184,636695002,1222805610
2024-03-05,IBIT,29298978,628274412,1252104588
2024-03-06,IBIT,35667747,618590898,1287772335
2024-03-07,IBIT,19757678,601120309,1307530013
2024-03-08,IBIT,20851737,574158295,1328381750
2024-03-09,IBIT,23036916,538496476,1351418666
2024-03-11,IBIT,20234452,534938298,1371653118
2024-03-12,IBIT,25261707,544338247,1396914825
2024-03-13,IBIT,28474413,540492671,1425389238
2024-03-14,IBIT,14277862,520214428,1439667100
2024-03-15,IBIT,43444721,524596289,1483111821
2024-03-18,IBIT,23110214,540141524,1506222035
2024-03-19,IBIT,34273069,541372040,1540495104
2024-03-20,IBIT,10015904,532394305,1550511008
2024-03-21,IBIT,14121847,524920687,1564632855
2024-03-22,IBIT,10344518,511835020,1574977373
2024-03-25,IBIT,30852395,502079611,1605829768
2024-03-26,IBIT,14621038,496853646,1620450806
2024-03-27,IBIT,12291734,484143348,1632742540
2024-03-28,IBIT,23613774,496116905,1656356314
2024-03-29,IBIT,35044982,494892870,1691401296
2024-04-01,IBIT,31772264,500367950,1723173560
2024-04-02,IBIT,31793856,502862828,1754967416
2024-04-03,IBIT,13828833,481023914,1768796249
2024-04-04,IBIT,21910545,483176781,1790706794
2024-04-05,IBIT,24658163,486983207,1815364957
2024-04-08,IBIT,19719655,483665946,1835084612
2024-04-09,IBIT,36098460,499529954,1871183072
2024-04-10,IBIT,9871725,484139972,1881054797
2024-04-11,IBIT,17103417,472768976,1898158214
2024-04-12,IBIT,14823910,473315024,1912982124
2024-04-15,IBIT,15231922,445102225,1928214046
2024-04-16,IBIT,17753279,439745290,1945967325
2024-04-17,IBIT,10112751,415584972,1956080076
2024-04-18,IBIT,22678905,428247973,1978758981
2024-04-19,IBIT,9387778,423513904,1988146759
2024-04-22,IBIT,20824146,433993532,2008970905
2024-04-23,IBIT,16598546,419739683,2025569451
2024-04-24,IBIT,20662662,425781307,2046232113
2024-04-25,IBIT,13327264,426816837,2059559377
2024-04-26,IBIT,24799024,428002087,2084358401
2024-04-29,IBIT,10253909,403211014,2094612310
2024-04-30,IBIT,16631935,388070685,2111244245
2024-05-01,IBIT,32573329,388850158,2143817574
2024-05-02,IBIT,7274859,382296184,2151092433
2024-05-03,IBIT,24383028,384768667,2175475461
2024-05-06,IBIT,10329486,370439990,2185804947
2024-05-07,IBIT,27333170,378053505,2213138117
2024-05-08,IBIT,16353744,358308789,2229491861
2024-05-09,IBIT,25727653,374164717,2255219514
2024-05-10,IBIT,18376243,375437543,2273595757
2024-05-13,IBIT,28698465,389312098,2302294222
2024-05-14,IBIT,6681232,380761408,2308975454
2024-05-15,IBIT,17301214,380309343,2326276668
2024-05-16,IBIT,17545259,387741851,2343821927
2024-05-17,IBIT,6159001,371221947,2349980928
2024-05-20,IBIT,35410766,397244935,2385391694
2024-05-21,IBIT,9924395,386345184,2395316089
2024-05-22,IBIT,19501818,389248456,2414817907
2024-05-23,IBIT,9905787,378491581,2424723694
2024-05-24,IBIT,11117883,376282200,2435841577
2024-05-27,IBIT,13656281,365139457,2449497858
2024-05-28,IBIT,9349123,364234671,2458846981
2024-05-29,IBIT,17535894,365138630,2476382875
2024-05-30,IBIT,13620800,346186101,2490003675
2024-05-31,IBIT,11373860,350285102,2501377535
2024-06-03,IBIT,8631310,334533384,2510008845
2024-06-04,IBIT,16163921,340367819,2526172766
2024-06-05,IBIT,20029193,333063842,2546201959
2024-06-06,IBIT,16976490,333686588,2563178449
2024-06-07,IBIT,8752473,316711408,2571930922
2024-06-10,IBIT,33516059,331851224,2605446981
2024-06-11,IBIT,22508976,325661735,2627955957
2024-06-12,IBIT,6069928,325050431,2634025885
2024-06-13,IBIT,19407613,327156830,2653433498
2024-06-14,IBIT,10193302,319804873,2663626800
2024-06-17,IBIT,14238928,327884800,2677865728
2024-06-18,IBIT,25062595,317536629,2702928323
2024-06-19,IBIT,22473892,330086126,2725402215
2024-06-20,IBIT,18447899,329032207,2743850114
2024-06-21,IBIT,23797935,342924355,2767648049
2024-06-24,IBIT,7482109,339288581,2775130158
2024-06-25,IBIT,5696946,331329246,2780827104
2024-06-26,IBIT,26765449,348745572,2807592553
2024-06-27,IBIT,10686954,341896632,2818279507
2024-06-28,IBIT,10554243,338830075,2828833750
2024-07-01,IBIT,21104288,348560503,2849938038
2024-07-02,IBIT,13367414,353296607,2863305452
2024-07-03,IBIT,28645513,365778199,2891950965
2024-07-04,IBIT,23632946,369381952,2915583911
2024-07-05,IBIT,32055204,384460666,2947639115
2024-07-08,IBIT,17133166,392841359,2964772281
2024-07-09,IBIT,26903803,386229103,2991676084
2024-07-10,IBIT,11093602,374813729,3002769686
2024-07-11,IBIT,20020545,388764346,3022790231
2024-07-12,IBIT,5929649,375286382,3028719880
2024-07-15,IBIT,13668436,378761516,3042388316
2024-07-16,IBIT,22208943,386731531,3064597259
2024-07-17,IBIT,11799159,373468095,3076396418
2024-07-18,IBIT,30302913,381297116,3106699331
2024-07-19,IBIT,17235464,380084681,3123934795
2024-07-22,IBIT,10430698,366717444,3134365493
2024-07-23,IBIT,10719447,369954782,3145084940
2024-07-24,IBIT,8845696,373103532,3153930636
2024-07-25,IBIT,15385361,361723444,3169315997
2024-07-26,IBIT,18076201,369112691,3187392198
2024-07-29,IBIT,8904714,367463162,3196296912
2024-07-30,IBIT,16150439,362509313,3212447351
2024-07-31,IBIT,6907483,356049382,3219354834
2024-08-01,IBIT,7816380,335220249,3227171214
2024-08-02,IBIT,21725069,333312372,3248896283
2024-08-05,IBIT,26184693,327441861,3275080976
2024-08-06,IBIT,35931417,346240112,3311012393
2024-08-07,IBIT,20209330,339545639,3331221723
2024-08-08,IBIT,23584730,352036767,3354806453
2024-08-09,IBIT,32856488,364872710,3387662941
2024-08-12,IBIT,19897624,378840685,3407560565
2024-08-13,IBIT,10575401,375747650,3418135966
2024-08-14,IBIT,26739922,380278629,3444875888
2024-08-15,IBIT,17324346,385803816,3462200234
2024-08-16,IBIT,23900064,379400967,3486100298
2024-08-19,IBIT,24205922,386371425,3510306220
2024-08-20,IBIT,12285742,388226469,3522591962
2024-08-21,IBIT,16976983,394484005,3539568945
2024-08-22,IBIT,20249927,405888236,3559818872
2024-08-23,IBIT,26048445,416551320,3585867317
2024-08-26,IBIT,22217445,420692564,3608084762
2024-08-27,IBIT,19938784,431726634,3628023546
2024-08-28,IBIT,8935821,424512016,3636959367
2024-08-29,IBIT,13589438,431193971,3650548805
2024-08-30,IBIT,7653909,431031500,3658202714
2024-09-02,IBIT,18883947,428190378,3677086661
2024-09-03,IBIT,8588762,410594447,3685675423
2024-09-04,IBIT,21853496,396516526,3707528919
2024-09-05,IBIT,17254229,393561425,3724783148
2024-09-06,IBIT,21523787,391500482,3746306935
2024-09-09,IBIT,22193612,380837606,3768500547
2024-09-10,IBIT,15597308,376537290,3784097855
2024-09-11,IBIT,10720134,376682023,3794817989
2024-09-12,IBIT,24058068,374000169,3818876057
2024-09-13,IBIT,14943602,371619425,3833819659
2024-09-16,IBIT,17552848,365272209,3851372507
2024-09-17,IBIT,12357702,353423989,3863730209
2024-09-18,IBIT,14466650,355604897,3878196859
2024-09-19,IBIT,27466637,366094551,3905663496
2024-09-20,IBIT,17552225,363396849,3923215721
2024-09-23,IBIT,22102166,359450570,3945317887
2024-09-24,IBIT,31912623,369145748,3977230510
2024-09-25,IBIT,24680247,373887211,4001910757
2024-09-26,IBIT,7769876,372721266,4009680633
2024-09-27,IBIT,16705491,375837319,4026386124
2024-09-30,IBIT,28290911,396474321,4054677035
2024-10-01,IBIT,14067086,391657460,4068744121
2024-10-02,IBIT,19864905,402933603,4088609026
2024-10-03,IBIT,16339611,397419718,4104948637
2024-10-04,IBIT,8598725,388764214,4113547362
2024-10-07,IBIT,10835704,378076131,4124383066
2024-10-08,IBIT,28768915,384651434,4153151981
2024-10-09,IBIT,16614608,385668734,4169766589
2024-10-10,IBIT,9830876,384779476,4179597465
2024-10-11,IBIT,22860818,383582226,4202458283
2024-10-14,IBIT,14545611,383184235,4217003894
2024-10-15,IBIT,18164550,383795937,4235168444
2024-10-16,IBIT,9732789,381171024,4244901233
2024-10-17,IBIT,9449812,376154186,4254351045
2024-10-18,IBIT,21235657,369923206,4275586702
2024-10-21,IBIT,7915495,360286476,4283502197
2024-10-22,IBIT,27814782,365999092,4311316979
2024-10-23,IBIT,13977832,348064301,4325294811
2024-10-24,IBIT,11726233,335110287,4337021044
2024-10-25,IBIT,8579404,335919815,4345600448
2024-10-28,IBIT,14580335,333794659,4360180783
2024-10-29,IBIT,13538716,319042464,4373719499
2024-10-30,IBIT,17660330,322635708,4391379829
2024-10-31,IBIT,14522039,317292842,4405901868
2024-11-01,IBIT,22391199,323344430,4428293067
2024-11-05,IBIT,17228623,331974328,4445521690
2024-11-06,IBIT,25091450,346230074,4470613140
2024-11-07,IBIT,13336912,330798071,4483950052
2024-11-08,IBIT,8235968,322419431,4492186020
2024-11-09,IBIT,10402905,322991460,4502588925
2024-11-12,IBIT,12822478,312953120,4515411403
2024-11-13,IBIT,10662175,309069684,4526073578
2024-11-14,IBIT,10776643,301681777,4536850221
2024-11-15,IBIT,8330640,300279628,4545180861
2024-11-16,IBIT,21174980,312004796,4566355841
2024-11-19,IBIT,17588458,308357597,4583944299
2024-11-20,IBIT,8923138,309365240,4592867437
2024-11-21,IBIT,6300151,287850609,4599167588
2024-11-22,IBIT,10604234,284477011,4609771822
2024-11-23,IBIT,28347788,301098566,4638119610
2024-11-26,IBIT,17533399,310052561,4655653009
2024-11-27,IBIT,15112977,310585203,4670765986
2024-11-28,IBIT,16863566,313910053,4687629552
2024-11-29,IBIT,29135577,325385300,4716765129
2024-11-30,IBIT,17586128,328449389,4734351257
2024-12-03,IBIT,12195387,318253577,4746546644
2024-12-04,IBIT,6419023,307443977,4752965667
2024-12-05,IBIT,15787690,298140217,4768753357
2024-12-06,IBIT,19333859,304137164,4788087216
2024-12-07,IBIT,23453834,319355030,4811541050
2024-12-10,IBIT,9956984,318909109,4821498034
2024-12-11,IBIT,11263801,317350432,4832761835
2024-12-12,IBIT,21406522,328094779,4854168357
2024-12-13,IBIT,17717144,335035280,4871885501
2024-12-14,IBIT,26666120,353370760,4898551621
2024-12-17,IBIT,20583635,352779415,4919135256
2024-12-18,IBIT,10235834,345426791,4929371090
2024-12-19,IBIT,10339578,346843231,4939710668
2024-12-20,IBIT,11874349,352417429,4951585017
2024-12-21,IBIT,10359329,352172524,4961944346
2024-12-24,IBIT,19267462,343092198,4981211808
2024-12-25,IBIT,21703692,347262491,5002915500
2024-12-26,IBIT,10096871,342246385,5013012371
2024-12-27,IBIT,19172949,344555768,5032185320
2024-12-28,IBIT,24475666,339895857,5056660986
2024-12-31,IBIT,23204640,345514369,5079865626
2025-01-01,IBIT,12637475,345956457,5092503101
2025-01-02,IBIT,11305594,350843028,5103808695
2025-01-03,IBIT,23431586,358486924,5127240281
2025-01-04,IBIT,20484023,359637088,5147724304
2025-01-07,IBIT,21672186,357855440,5169396490
2025-01-08,IBIT,22985642,370884098,5192382132
2025-01-09,IBIT,12025832,371646129,5204407964
2025-01-10,IBIT,35142329,385381936,5239550293
2025-01-11,IBIT,25370139,393034931,5264920432
2025-01-14,IBIT,12269044,378637855,5277189476
2025-01-15,IBIT,22478150,380532370,5299667626
2025-01-16,IBIT,22930417,393226953,5322598043
2025-01-17,IBIT,26156359,409043734,5348754402
2025-01-18,IBIT,17272189,414441574,5366026591
2025-01-21,IBIT,19880953,423963198,5385907544
2025-01-22,IBIT,25086734,429782470,5410994278
2025-01-23,IBIT,11964217,420042995,5422958495
2025-01-24,IBIT,26917392,436863516,5449875887
2025-01-25,IBIT,7744146,425434713,5457620033
2025-01-28,IBIT,14709951,415668998,5472329984
2025-01-29,IBIT,19521388,411985746,5491851372
2025-01-30,IBIT,17818083,417166354,5509669455
2025-01-31,IBIT,10255054,416115814,5519924509
2025-02-01,IBIT,5900708,398584936,5525825217
2025-02-04,IBIT,6522624,384623537,5532347841
2025-02-05,IBIT,8326755,371278106,5540674596
2025-02-06,IBIT,11010460,359302924,5551685056
2025-02-07,IBIT,23157567,370434659,5574842623
2025-02-08,IBIT,9035298,344327628,5583877921
2025-02-11,IBIT,15244000,334201489,5599121921
2025-02-12,IBIT,11901173,333833618,5611023094
2025-02-13,IBIT,26340647,337696115,5637363741
2025-02-14,IBIT,30146983,344912681,5667510724
2025-02-15,IBIT,10412367,329168689,5677923091
2025-02-18,IBIT,11161892,323058392,5689084983
2025-02-19,IBIT,29263779,332441218,5718348762
2025-02-20,IBIT,21762862,329117346,5740111624
2025-02-21,IBIT,9308730,326461859,5749420354
2025-02-22,IBIT,12346337,311890804,5761766691
2025-02-25,IBIT,21934419,326081077,5783701110
2025-02-26,IBIT,19485248,330856374,5803186358
2025-02-27,IBIT,24737065,336072051,5827923423
2025-02-28,IBIT,28684446,346938414,5856607869
2025-03-01,IBIT,6599941,343283301,5863207810
2025-03-04,IBIT,24615744,361998337,5887823554
2025-03-05,IBIT,12729410,368205123,5900552964
2025-03-06,IBIT,27214603,387092971,5927767567
2025-03-07,IBIT,15849454,391931965,5943617021
2025-03-08,IBIT,34179329,402953727,5977796350
2025-03-10,IBIT,10901630,404820059,5988697980
2025-03-11,IBIT,12955239,402531298,6001653219
2025-03-12,IBIT,33955138,424585263,6035608357
2025-03-13,IBIT,16916354,415160970,6052524711
2025-03-14,IBIT,28918399,413932386,6081443110
2025-03-17,IBIT,10442496,413962515,6091885606
2025-03-18,IBIT,19745566,422546189,6111631172
2025-03-19,IBIT,8124000,401406410,6119755172
2025-03-20,IBIT,19165951,398809499,6138921123
2025-03-21,IBIT,16024759,405525528,6154945882
2025-03-24,IBIT,21480213,414659404,6176426095
2025-03-25,IBIT,11507711,404232696,6187933806
2025-03-26,IBIT,28803583,413551031,6216737389
2025-03-27,IBIT,18233855,407047821,6234971244
2025-03-28,IBIT,14964119,393327494,6249935363
2025-03-31,IBIT,19967610,406695163,6269902973
2025-04-01,IBIT,21889660,403969079,6291792633
2025-04-02,IBIT,8739569,399979238,6300532202
2025-04-03,IBIT,22991174,395755809,6323523376
2025-04-04,IBIT,7836675,387743030,6331360051
2025-04-07,IBIT,17450284,371013985,6348810335
2025-04-08,IBIT,13267413,373379768,6362077748
2025-04-09,IBIT,18484302,378908831,6380562050
2025-04-10,IBIT,13230469,358184162,6393792519
2025-04-11,IBIT,20925339,362193147,6414717858
2025-04-14,IBIT,23949170,357223918,6438667028
2025-04-15,IBIT,24240596,371022018,6462907624
2025-04-16,IBIT,8282497,359558949,6471190121
2025-04-17,IBIT,15646146,367081095,6486836267
2025-04-18,IBIT,14951124,362866268,6501787391
2025-04-21,IBIT,11064170,357905679,6512851561
2025-04-22,IBIT,17359447,353784913,6530211008
2025-04-23,IBIT,21793688,364070890,6552004696
2025-04-24,IBIT,10824182,346091489,6562828878
2025-04-25,IBIT,32135709,359993343,6594964587
2025-04-28,IBIT,19833311,364862535,6614797898
2025-04-29,IBIT,33463061,378357986,6648260959
2025-04-30,IBIT,14305486,370773812,6662566445
2025-05-01,IBIT,25959224,387993467,6688525669
2025-05-02,IBIT,26762906,391765199,6715288575
2025-05-05,IBIT,28853445,412781969,6744142020
2025-05-06,IBIT,14702277,410033962,6758844297
2025-05-07,IBIT,5976587,402743136,6764820884
2025-05-08,IBIT,28405350,412664184,6793226234
2025-05-09,IBIT,11273954,410707669,6804500188
2025-05-12,IBIT,21075584,410857914,6825575772
2025-05-13,IBIT,22933751,409842495,6848509523
2025-05-14,IBIT,16087041,401688940,6864596564
2025-05-15,IBIT,16981499,410387942,6881578063
2025-05-16,IBIT,7608463,402350259,6889186526
2025-05-19,IBIT,15876583,403275718,6905063109
2025-05-20,IBIT,16558836,408770384,6921621945
2025-05-21,IBIT,22885708,414296645,6944507653
2025-05-22,IBIT,7347468,399850425,6951855121
2025-05-23,IBIT,21558550,410584793,6973413671
2025-05-26,IBIT,22018513,400467597,6995432184
2025-05-27,IBIT,27356002,407990288,7022788186
2025-05-28,IBIT,20598554,395125781,7043386740
2025-05-29,IBIT,16414766,397235061,7059801506
2025-05-30,IBIT,21504581,392780418,7081306087
2025-06-02,IBIT,22889203,388906715,7104195290
2025-06-03,IBIT,33034536,393087806,7137229826
2025-06-04,IBIT,18428952,396814481,7155658778
2025-06-05,IBIT,30013369,420851263,7185672147
2025-06-06,IBIT,10677855,403123768,7196350002
2025-06-09,IBIT,9238444,401088258,7205588446
2025-06-10,IBIT,11845644,391858318,7217434090
2025-06-11,IBIT,18488068,387412635,7235922158
2025-06-12,IBIT,19549745,390875339,7255471903
2025-06-13,IBIT,9598748,383492588,7265070651
2025-06-16,IBIT,12769665,388653790,7277840316
2025-06-17,IBIT,16222439,388999646,7294062755
2025-06-18,IBIT,6602453,379043263,7300665208
2025-06-19,IBIT,20923395,377080950,7321588603
2025-06-20,IBIT,17298823,387032305,7338887426
2025-06-23,IBIT,26555604,392029359,7365443030
2025-06-24,IBIT,11060026,381070872,7376503056
2025-06-25,IBIT,13845109,367559979,7390348165
2025-06-26,IBIT,27264421,374225846,7417612586
2025-06-27,IBIT,9625673,367436753,7427238259
2025-06-30,IBIT,9880097,355812269,7437118356
2025-07-01,IBIT,19798780,352721846,7456917136
2025-07-02,IBIT,22425783,342113093,7479342919
2025-07-03,IBIT,19222885,342907026,7498565804
2025-07-04,IBIT,23960476,336854133,7522526280
2025-07-07,IBIT,18062253,344238531,7540588533
2025-07-08,IBIT,9534786,344534873,7550123319
2025-07-09,IBIT,14158443,346847672,7564281762
2025-07-10,IBIT,10919492,339279096,7575201254
2025-07-11,IBIT,11991589,331720940,7587192843
2025-07-14,IBIT,20856416,342978608,7608049259
2025-07-15,IBIT,20952252,351161195,7629001511
2025-07-16,IBIT,30332497,365271253,7659334008
2025-07-17,IBIT,30407072,389075872,7689741080
2025-07-18,IBIT,23964043,392116520,7713705123
2025-07-21,IBIT,24185314,399003011,7737890437
2025-07-22,IBIT,17372274,389819681,7755262711
2025-07-23,IBIT,19362880,398122535,7774625591
2025-07-24,IBIT,22574943,406852369,7797200534
2025-07-25,IBIT,13306373,392894321,7810506907
2025-07-28,IBIT,26806099,410074747,7837313006
2025-07-29,IBIT,14791396,414986046,7852104402
2025-07-30,IBIT,15143891,410331157,7867248293
2025-07-31,IBIT,9549174,397454548,7876797467
2025-08-01,IBIT,13256822,391488485,7890054289
2025-08-04,IBIT,9243276,376771285,7899297565
2025-08-05,IBIT,32745179,391454211,7932042744
2025-08-06,IBIT,25794518,407713943,7957837262
2025-08-07,IBIT,15655645,409211145,7973492907
2025-08-08,IBIT,20768554,419060207,7994261461
2025-08-11,IBIT,17780079,424848697,8012041540
2025-08-12,IBIT,6769877,410762158,8018811417
2025-08-13,IBIT,20307850,410117756,8039119267
2025-08-14,IBIT,11532608,391317867,8050651875
2025-08-15,IBIT,21564284,382475079,8072216159
2025-08-18,IBIT,15937415,374448451,8088153574
2025-08-19,IBIT,24991603,375254740,8113145177
2025-08-20,IBIT,9943980,367826446,8123089157
2025-08-21,IBIT,12266025,360729591,8135355182
2025-08-22,IBIT,13624749,351779397,8148979931
2025-08-25,IBIT,20329086,358802110,8169309017
2025-08-26,IBIT,13658030,345654041,8182967047
2025-08-27,IBIT,10139431,341002076,8193106478
2025-08-28,IBIT,7189884,333048069,8200296362
2025-08-29,IBIT,10964864,334463759,8211261226
2025-09-01,IBIT,16812513,338019450,8228073739
2025-09-02,IBIT,8267223,337043397,8236340962
2025-09-03,IBIT,22525715,326823933,8258866677
2025-09-04,IBIT,7655721,308685136,8266522398
2025-09-05,IBIT,15289506,308318997,8281811904
2025-09-08,IBIT,9988284,297538727,8291800188
2025-09-09,IBIT,13171503,292930151,8304971691
2025-09-10,IBIT,24026928,310187202,8328998619
2025-09-11,IBIT,29041820,318921172,8358040439
2025-09-12,IBIT,22725535,330114099,8380765974
2025-09-15,IBIT,20209710,328759525,8400975684
2025-09-16,IBIT,15572239,328394349,8416547923
2025-09-17,IBIT,15350067,318752813,8431897990
2025-09-18,IBIT,21806059,330614892,8453704049
2025-09-19,IBIT,8246810,326595677,8461950859
2025-09-22,IBIT,26691571,339662499,8488642430
2025-09-23,IBIT,21740121,341073534,8510382551
2025-09-24,IBIT,19470051,346885555,8529852602
2025-09-25,IBIT,20848086,357594210,8550700688
2024-01-11,FBTC,37653595,0,37653595
2024-01-12,FBTC,18252450,0,55906045
2024-01-13,FBTC,27989870,0,83895915
2024-01-16,FBTC,43495180,0,127391095
2024-01-17,FBTC,16264477,0,143655572
2024-01-18,FBTC,19411150,0,163066722
2024-01-19,FBTC,24139564,0,187206286
2024-01-20,FBTC,26229095,0,213435381
2024-01-23,FBTC,20765983,0,234201364
2024-01-24,FBTC,29300273,0,263501637
2024-01-25,FBTC,30804132,0,294305769
2024-01-26,FBTC,25747818,0,320053587
2024-01-27,FBTC,24923693,0,344977280
2024-01-30,FBTC,14387290,0,359364570
2024-01-31,FBTC,33154510,0,392519080
2024-02-01,FBTC,25000570,0,417519650
2024-02-02,FBTC,33816015,0,451335665
2024-02-03,FBTC,14461126,0,465796791
2024-02-06,FBTC,33778942,0,499575733
2024-02-07,FBTC,22652289,0,522228022
2024-02-08,FBTC,35331178,557559200,557559200
2024-02-09,FBTC,35725861,555631466,593285061
2024-02-10,FBTC,29821639,567200655,623106700
2024-02-13,FBTC,16475405,555686190,639582105
2024-02-14,FBTC,11397706,523588716,650979811
2024-02-15,FBTC,10118633,517442872,661098444
2024-02-16,FBTC,11518005,509549727,672616449
2024-02-17,FBTC,14427503,499837666,687043952
2024-02-20,FBTC,10877792,484486363,697921744
2024-02-21,FBTC,8030569,471750949,705952313
2024-02-22,FBTC,20260807,462711483,726213120
2024-02-23,FBTC,21166281,453073632,747379401
2024-02-24,FBTC,11746035,439071849,759125436
2024-02-27,FBTC,24396787,438544943,783522223
2024-02-28,FBTC,16378161,440535814,799900384
2024-02-29,FBTC,11568212,418949516,811468596
2024-03-01,FBTC,15232478,409181424,826701074
2024-03-02,FBTC,29926032,405291441,856627106
2024-03-05,FBTC,18800185,409630500,875427291
2024-03-06,FBTC,22036734,397888292,897464025
2024-03-07,FBTC,17610454,392846457,915074479
2024-03-08,FBTC,29624921,387140200,944699400
2024-03-09,FBTC,10735448,362149787,955434848
2024-03-11,FBTC,18469358,350797506,973904206
2024-03-12,FBTC,15034169,349356270,988938375
2024-03-13,FBTC,5837074,343795638,994775449
2024-03-14,FBTC,13895637,347572642,1008671086
2024-03-15,FBTC,16844016,352898653,1025515102
2024-03-18,FBTC,15411953,353883103,1040927055
2024-03-19,FBTC,10617257,353622568,1051544312
2024-03-20,FBTC,18790983,364382982,1070335295
2024-03-21,FBTC,24166128,368288303,1094501423
2024-03-22,FBTC,29489520,376611542,1123990943
2024-03-25,FBTC,23632684,388498191,1147623627
2024-03-26,FBTC,13388151,377489555,1161011778
2024-03-27,FBTC,9524263,370635657,1170536041
2024-03-28,FBTC,20435738,379503183,1190971779
2024-03-29,FBTC,13299570,377570275,1204271349
2024-04-01,FBTC,28776163,376420406,1233047512
2024-04-02,FBTC,30070432,387690653,1263117944
2024-04-03,FBTC,17943267,383597186,1281061211
2024-04-04,FBTC,7171846,373158578,1288233057
2024-04-05,FBTC,13362782,356896439,1301595839
2024-04-08,FBTC,9889844,356050835,1311485683
2024-04-09,FBTC,23071986,360653463,1334557669
2024-04-10,FBTC,7037172,352656466,1341594841
2024-04-11,FBTC,8331020,355150412,1349925861
2024-04-12,FBTC,5816693,347071468,1355742554
2024-04-15,FBTC,12440186,342667638,1368182740
2024-04-16,FBTC,15656052,342911737,1383838792
2024-04-17,FBTC,5563325,337857805,1389402117
2024-04-18,FBTC,10224862,329291684,1399626979
2024-04-19,FBTC,14513329,319638885,1414140308
2024-04-22,FBTC,16680673,306830038,1430820981
2024-04-23,FBTC,4732536,287929890,1435553517
2024-04-24,FBTC,9883284,284425023,1445436801
2024-04-25,FBTC,17454553,292355313,1462891354
2024-04-26,FBTC,12755362,284674937,1475646716
2024-04-29,FBTC,12918828,284294195,1488565544
2024-04-30,FBTC,21861495,277379527,1510427039
2024-05-01,FBTC,15863226,263172321,1526290265
2024-05-02,FBTC,15173472,260402526,1541463737
2024-05-03,FBTC,8083107,261313787,1549546844
2024-05-06,FBTC,12830917,260781922,1562377761
2024-05-07,FBTC,12963860,263855938,1575341621
2024-05-08,FBTC,4832762,245616714,1580174383
2024-05-09,FBTC,17099366,255678908,1597273749
2024-05-10,FBTC,8212756,255560644,1605486505
2024-05-13,FBTC,7778198,257522149,1613264703
2024-05-14,FBTC,15805633,260887596,1629070336
2024-05-15,FBTC,12659960,257891504,1641730296
2024-05-16,FBTC,9876485,262204664,1651606781
2024-05-17,FBTC,8252023,260231825,1659858804
2024-05-20,FBTC,8593005,254311501,1668451809
2024-05-21,FBTC,11925023,249555851,1680376832
2024-05-22,FBTC,12769281,257592596,1693146113
2024-05-23,FBTC,10500553,258209865,1703646666
2024-05-24,FBTC,12885724,253641036,1716532390
2024-05-27,FBTC,10726697,251612371,1727259087
2024-05-28,FBTC,11963078,250656621,1739222165
2024-05-29,FBTC,17737789,246532915,1756959954
2024-05-30,FBTC,8283408,238953097,1765243362
2024-05-31,FBTC,18042139,241821764,1783285501
2024-06-03,FBTC,24269634,258008291,1807555135
2024-06-04,FBTC,8562547,253739921,1816117682
2024-06-05,FBTC,5765873,246541934,1821883555
2024-06-06,FBTC,8173185,249882357,1830056740
2024-06-07,FBTC,19756005,252538996,1849812745
2024-06-10,FBTC,14458711,258784951,1864271456
2024-06-11,FBTC,7840413,258847166,1872111869
2024-06-12,FBTC,9589560,252631093,1881701429
2024-06-13,FBTC,18570737,258541870,1900272166
2024-06-14,FBTC,23940892,272606277,1924213058
2024-06-17,FBTC,12918790,277273044,1937131848
2024-06-18,FBTC,10565191,279245230,1947697039
2024-06-19,FBTC,10398745,277718952,1958095784
2024-06-20,FBTC,11114208,276063879,1969209992
2024-06-21,FBTC,13371193,278934519,1982581185
2024-06-24,FBTC,17513575,283562370,2000094760
2024-06-25,FBTC,15614213,288449886,2015708973
2024-06-26,FBTC,6233796,282720604,2021942769
2024-06-27,FBTC,7513851,272496666,2029456620
2024-06-28,FBTC,19689680,283902938,2049146300
2024-07-01,FBTC,14699411,280560210,2063845711
2024-07-02,FBTC,4151142,260441718,2067996853
2024-07-03,FBTC,10625937,262505108,2078622790
2024-07-04,FBTC,20381483,277120718,2099004273
2024-07-05,FBTC,19192751,288140284,2118197024
2024-07-08,FBTC,13776739,282161018,2131973763
2024-07-09,FBTC,8313907,276016214,2140287670
2024-07-10,FBTC,21547028,289722829,2161834698
2024-07-11,FBTC,13744464,293877733,2175579162
2024-07-12,FBTC,10988891,286295887,2186568053
2024-07-15,FBTC,9822239,272177234,2196390292
2024-07-16,FBTC,7980871,267239315,2204371163
2024-07-17,FBTC,14458200,271132324,2218829363
2024-07-18,FBTC,7357387,268090966,2226186750
2024-07-19,FBTC,8715654,265692412,2234902404
2024-07-22,FBTC,9430333,261751552,2244332737
2024-07-23,FBTC,13090462,257328439,2257423199
2024-07-24,FBTC,15441547,257155773,2272864746
2024-07-25,FBTC,12499922,263421899,2285364668
2024-07-26,FBTC,15641910,271549958,2301006578
2024-07-29,FBTC,11954438,263814716,2312961016
2024-07-30,FBTC,5689330,254804635,2318650346
2024-07-31,FBTC,5982494,256635987,2324632840
2024-08-01,FBTC,4795487,250805537,2329428327
2024-08-02,FBTC,10672112,241096166,2340100439
2024-08-05,FBTC,5390401,227293816,2345490840
2024-08-06,FBTC,16686727,230203804,2362177567
2024-08-07,FBTC,14936343,236826240,2377113910
2024-08-08,FBTC,10854124,226133336,2387968034
2024-08-09,FBTC,24071904,236460776,2412039938
2024-08-12,FBTC,6121077,231592962,2418161015
2024-08-13,FBTC,20623962,242394685,2438784977
2024-08-14,FBTC,7489732,241903546,2446274709
2024-08-15,FBTC,12146929,239592275,2458421638
2024-08-16,FBTC,6920258,239155146,2465341896
2024-08-19,FBTC,11807256,242246748,2477149152
2024-08-20,FBTC,5171249,237987664,2482320401
2024-08-21,FBTC,7061688,231958890,2489382089
2024-08-22,FBTC,10925682,227443025,2500307771
2024-08-23,FBTC,12185770,227128873,2512493541
2024-08-26,FBTC,17538916,229025879,2530032457
2024-08-27,FBTC,8642384,225713825,2538674841
2024-08-28,FBTC,25566207,245590702,2564241048
2024-08-29,FBTC,10769450,250377658,2575010498
2024-08-30,FBTC,9773998,255356169,2584784496
2024-09-02,FBTC,11611782,256295839,2596396278
2024-09-03,FBTC,13744786,264650224,2610141064
2024-09-04,FBTC,12959490,260922987,2623100554
2024-09-05,FBTC,5991056,251977700,2629091610
2024-09-06,FBTC,16610709,257734285,2645702319
2024-09-09,FBTC,15336939,248999320,2661039258
2024-09-10,FBTC,15055979,257934222,2676095237
2024-09-11,FBTC,8038839,245349099,2684134076
2024-09-12,FBTC,17095765,254955132,2701229841
2024-09-13,FBTC,8649131,251457334,2709878972
2024-09-16,FBTC,13748725,258285801,2723627697
2024-09-17,FBTC,8527473,255006018,2732155170
2024-09-18,FBTC,8052299,257887068,2740207469
2024-09-19,FBTC,10412858,261238238,2750620327
2024-09-20,FBTC,4547746,254860302,2755168073
2024-09-23,FBTC,11690858,254365390,2766858931
2024-09-24,FBTC,14876469,251702943,2781735400
2024-09-25,FBTC,9134389,252194948,2790869789
2024-09-26,FBTC,15870766,242499507,2806740555
2024-09-27,FBTC,11574862,243304919,2818315417
2024-09-30,FBTC,7459393,240990314,2825774810
2024-10-01,FBTC,10530748,239909280,2836305558
2024-10-02,FBTC,7978148,234142642,2844283706
2024-10-03,FBTC,7950186,229133338,2852233892
2024-10-04,FBTC,16448945,239591227,2868682837
2024-10-07,FBTC,7447981,230428499,2876130818
2024-10-08,FBTC,8474676,223566236,2884605494
2024-10-09,FBTC,8897684,217407941,2893503178
2024-10-10,FBTC,9848726,219217828,2903351904
2024-10-11,FBTC,14505911,216627974,2917857815
2024-10-14,FBTC,15159866,223138709,2933017681
2024-10-15,FBTC,18114812,227504796,2951132493
2024-10-16,FBTC,20698434,239675757,2971830927
2024-10-17,FBTC,7920569,239544027,2979751496
2024-10-18,FBTC,9121658,238252827,2988873154
2024-10-21,FBTC,18849169,252554250,3007722323
2024-10-22,FBTC,16027385,256890777,3023749708
2024-10-23,FBTC,22516981,264531289,3046266689
2024-10-24,FBTC,14316848,269713748,3060583537
2024-10-25,FBTC,6077964,259920946,3066661501
2024-10-28,FBTC,6773856,255119940,3073435357
2024-10-29,FBTC,12193038,259853585,3085628395
2024-10-30,FBTC,8587290,257910127,3094215685
2024-10-31,FBTC,16841090,266773069,3111056775
2024-11-01,FBTC,24872191,283695074,3135928966
2024-11-05,FBTC,15299826,282545955,3151228792
2024-11-06,FBTC,10320152,285418126,3161548944
2024-11-07,FBTC,13273382,290216832,3174822326
2024-11-08,FBTC,12973423,294292571,3187795749
2024-11-09,FBTC,10332687,294776532,3198128436
2024-11-12,FBTC,18510848,298781469,3216639284
2024-11-13,FBTC,14726024,298347627,3231365308
2024-11-14,FBTC,18214135,298446950,3249579443
2024-11-15,FBTC,17903747,295652263,3267483190
2024-11-16,FBTC,18848506,306580200,3286331696
2024-11-19,FBTC,6504567,303963109,3292836263
2024-11-20,FBTC,8925752,294039692,3301762015
2024-11-21,FBTC,6101731,284114038,3307863746
2024-11-22,FBTC,22638667,284235724,3330502413
2024-11-23,FBTC,13375255,283294131,3343877668
2024-11-26,FBTC,19925967,297142134,3363803635
2024-11-27,FBTC,9434584,299802862,3373238219
2024-11-28,FBTC,13133127,300742951,3386371346
2024-11-29,FBTC,12273710,304429371,3398645056
2024-11-30,FBTC,14722101,302310382,3413367157
2024-12-03,FBTC,13552580,290990771,3426919737
2024-12-04,FBTC,12147097,287838042,3439066834
2024-12-05,FBTC,18114196,295632086,3457181030
2024-12-06,FBTC,9653247,292011951,3466834277
2024-12-07,FBTC,18171410,297209938,3485005687
2024-12-10,FBTC,9035787,295913038,3494041474
2024-12-11,FBTC,9941228,287343418,3503982702
2024-12-12,FBTC,6478019,279095413,3510460721
2024-12-13,FBTC,5246822,266128100,3515707543
2024-12-14,FBTC,14924409,263148762,3530631952
2024-12-17,FBTC,5815645,250115901,3536447597
2024-12-18,FBTC,11508022,255119356,3547955619
2024-12-19,FBTC,13851396,260045000,3561807015
2024-12-20,FBTC,8511106,262454375,3570318121
2024-12-21,FBTC,13412080,253227788,3583730201
2024-12-24,FBTC,9446581,249299114,3593176782
2024-12-25,FBTC,18683791,248056938,3611860573
2024-12-26,FBTC,6100957,244723311,3617961530
2024-12-27,FBTC,14247121,245837305,3632208651
2024-12-28,FBTC,6469646,240033241,3638678297
2024-12-31,FBTC,11721990,237033130,3650400287
2025-01-01,FBTC,6388459,229869009,3656788746
2025-01-02,FBTC,20776031,238497943,3677564777
2025-01-03,FBTC,7321873,227705620,3684886650
2025-01-04,FBTC,10718203,228770576,3695604853
2025-01-07,FBTC,23823131,234422297,3719427984
2025-01-08,FBTC,9953697,235340207,3729381681
2025-01-09,FBTC,13101452,238500431,3742483133
2025-01-10,FBTC,17646648,249669060,3760129781
2025-01-11,FBTC,17609309,262031547,3777739090
2025-01-14,FBTC,15878314,262985452,3793617404
2025-01-15,FBTC,10864974,268034781,3804482378
2025-01-16,FBTC,9615149,266141908,3814097527
2025-01-17,FBTC,12523044,264813556,3826620571
2025-01-18,FBTC,10131612,266434062,3836752183
2025-01-21,FBTC,6144121,259166103,3842896304
2025-01-22,FBTC,12334192,262053714,3855230496
2025-01-23,FBTC,17219844,260589767,3872450340
2025-01-24,FBTC,9166385,263655195,3881616725
2025-01-25,FBTC,8811305,258219379,3890428030
2025-01-28,FBTC,9783349,261533082,3900211379
2025-01-29,FBTC,4760590,254571682,3904971969
2025-01-30,FBTC,14972621,263155844,3919944590
2025-01-31,FBTC,13598218,255978031,3933542808
2025-02-01,FBTC,8405698,257061856,3941948506
2025-02-04,FBTC,15995269,262338922,3957943775
2025-02-05,FBTC,11194400,249710191,3969138175
2025-02-06,FBTC,7331098,247087592,3976469273
2025-02-07,FBTC,15108869,249095009,3991578142
2025-02-08,FBTC,11824577,243272938,4003402719
2025-02-11,FBTC,10617940,236281569,4014020659
2025-02-12,FBTC,7061994,227465249,4021082653
2025-02-13,FBTC,5399583,221999858,4026482236
2025-02-14,FBTC,4344765,216729474,4030827001
2025-02-15,FBTC,14107424,218313854,4044934425
2025-02-18,FBTC,7377283,215559525,4052311708
2025-02-19,FBTC,20966210,230381614,4073277918
2025-02-20,FBTC,12453514,230500936,4085731432
2025-02-21,FBTC,16245927,229527019,4101977359
2025-02-22,FBTC,19704596,240065230,4121681955
2025-02-25,FBTC,12339496,243593421,4134021451
2025-02-26,FBTC,19531642,253341714,4153553093
2025-02-27,FBTC,12129278,260710402,4165682371
2025-02-28,FBTC,13561913,259299694,4179244284
2025-03-01,FBTC,4721926,250423402,4183966210
2025-03-04,FBTC,8003322,250021026,4191969532
2025-03-05,FBTC,4735833,238761590,4196705365
2025-03-06,FBTC,9967296,237534486,4206672661
2025-03-07,FBTC,13690024,243893412,4220362685
2025-03-08,FBTC,7105938,235890481,4227468623
2025-03-10,FBTC,13047893,237113797,4240516516
2025-03-11,FBTC,8188563,234684420,4248705079
2025-03-12,FBTC,21637457,249259883,4270342536
2025-03-13,FBTC,14984421,258844721,4285326957
2025-03-14,FBTC,20606337,275106293,4305933294
2025-03-17,FBTC,18360642,279359511,4324293936
2025-03-18,FBTC,17965808,289948036,4342259744
2025-03-19,FBTC,13788830,282770656,4356048574
2025-03-20,FBTC,12607495,282924637,4368656069
2025-03-21,FBTC,19201103,285879813,4387857172
2025-03-24,FBTC,19048500,285223717,4406905672
2025-03-25,FBTC,19179129,292063350,4426084801
2025-03-26,FBTC,6735293,279267001,4432820094
2025-03-27,FBTC,14840987,281978710,4447661081
2025-03-28,FBTC,12923119,281339916,4460584200
2025-03-31,FBTC,23322921,299940911,4483907121
2025-04-01,FBTC,23141886,315079475,4507049007
2025-04-02,FBTC,15363786,325707428,4522412793
2025-04-03,FBTC,15838682,331578814,4538251475
2025-04-04,FBTC,10272830,328161620,4548524305
2025-04-07,FBTC,11436673,332492355,4559960978
2025-04-08,FBTC,13712223,333156685,4573673201
2025-04-09,FBTC,11286818,336254940,4584960019
2025-04-10,FBTC,6786222,321403705,4591746241
2025-04-11,FBTC,14558134,320977418,4606304375
2025-04-14,FBTC,12715354,313086435,4619019729
2025-04-15,FBTC,12488342,307214135,4631508071
2025-04-16,FBTC,11325102,300573429,4642833173
2025-04-17,FBTC,13300947,300085546,4656134120
2025-04-18,FBTC,16339089,303817140,4672473209
2025-04-21,FBTC,12492884,297108921,4684966093
2025-04-22,FBTC,20322737,298383158,4705288830
2025-04-23,FBTC,11174159,290378188,4716462989
2025-04-24,FBTC,6972229,290615124,4723435218
2025-04-25,FBTC,11738657,287512794,4735173875
2025-04-28,FBTC,11107158,285696833,4746281033
2025-04-29,FBTC,10720261,273094173,4757001294
2025-04-30,FBTC,4716350,254668637,4761717644
2025-05-01,FBTC,8130027,247434878,4769847671
2025-05-02,FBTC,5187594,236783790,4775035265
2025-05-05,FBTC,15556044,242067004,4790591309
2025-05-06,FBTC,18276033,248906364,4808867342
2025-05-07,FBTC,12674252,247868393,4821541594
2025-05-08,FBTC,11016725,247598300,4832558319
2025-05-09,FBTC,11187882,251999960,4843746201
2025-05-12,FBTC,9411371,246853197,4853157572
2025-05-13,FBTC,17115012,251252855,4870272584
2025-05-14,FBTC,11675453,250439966,4881948037
2025-05-15,FBTC,14686025,253800889,4896634062
2025-05-16,FBTC,21293960,261793902,4917928022
2025-05-19,FBTC,18903736,264358549,4936831758
2025-05-20,FBTC,12192733,264058398,4949024491
2025-05-21,FBTC,20416913,264152574,4969441404
2025-05-22,FBTC,18735797,271714212,4988177201
2025-05-23,FBTC,12028463,276770446,5000205664
2025-05-26,FBTC,15115226,280147015,5015320890
2025-05-27,FBTC,14918254,283958111,5030239144
2025-05-28,FBTC,16019680,289257530,5046258824
2025-05-29,FBTC,24677296,309218476,5070936120
2025-05-30,FBTC,12313290,313401739,5083249410
2025-06-02,FBTC,8696575,316910720,5091945985
2025-06-03,FBTC,17041776,318396452,5108987761
2025-06-04,FBTC,7843272,307963691,5116831033
2025-06-05,FBTC,16503384,311792823,5133334417
2025-06-06,FBTC,19874601,320650699,5153209018
2025-06-09,FBTC,4869858,314332675,5158078876
2025-06-10,FBTC,9766214,314687518,5167845090
2025-06-11,FBTC,18585055,316157561,5186430145
2025-06-12,FBTC,6716722,311198830,5193146867
2025-06-13,FBTC,5791554,302304359,5198938421
2025-06-16,FBTC,16595641,297606040,5215534062
2025-06-17,FBTC,15583547,294285851,5231117609
2025-06-18,FBTC,6171236,288264354,5237288845
2025-06-19,FBTC,22111715,289959156,5259400560
2025-06-20,FBTC,16196117,287419476,5275596677
2025-06-23,FBTC,9403082,284794095,5284999759
2025-06-24,FBTC,12636010,282314879,5297635769
2025-06-25,FBTC,10837238,278233863,5308473007
2025-06-26,FBTC,19916107,282130290,5328389114
2025-06-27,FBTC,12584514,270037508,5340973628
2025-06-30,FBTC,18286656,276010874,5359260284
2025-07-01,FBTC,7804525,275118824,5367064809
2025-07-02,FBTC,15533999,273611047,5382598808
2025-07-03,FBTC,12528801,278296576,5395127609
2025-07-04,FBTC,21451347,283244539,5416578956
2025-07-07,FBTC,18356318,281726256,5434935274
2025-07-08,FBTC,6115607,282972005,5441050881
2025-07-09,FBTC,8405891,281611682,5449456772
2025-07-10,FBTC,11891296,274917923,5461348068
2025-07-11,FBTC,11406781,279607982,5472754849
2025-07-14,FBTC,15752282,289568710,5488507131
2025-07-15,FBTC,13844636,286817705,5502351767
2025-07-16,FBTC,8741553,279975711,5511093320
2025-07-17,FBTC,4433404,278237879,5515526724
2025-07-18,FBTC,14362686,270488850,5529889410
2025-07-21,FBTC,8088164,262380897,5537977574
2025-07-22,FBTC,16220095,269197910,5554197669
2025-07-23,FBTC,22970500,279532400,5577168169
2025-07-24,FBTC,8747287,277442449,5585915456
2025-07-25,FBTC,9194100,266720442,5595109556
2025-07-28,FBTC,5022796,259158724,5600132352
2025-07-29,FBTC,13611077,254483145,5613743429
2025-07-30,FBTC,9117497,255796117,5622860926
2025-07-31,FBTC,8534393,248796511,5631395319
2025-08-01,FBTC,13675770,249943480,5645071089
2025-08-04,FBTC,20584441,249076574,5665655530
2025-08-05,FBTC,11747946,242468202,5677403476
2025-08-06,FBTC,23000445,259353040,5700403921
2025-08-07,FBTC,18374635,269321784,5718778556
2025-08-08,FBTC,11688236,269118724,5730466792
2025-08-11,FBTC,11531523,269243466,5741998315
2025-08-12,FBTC,21412683,274903867,5763410998
2025-08-13,FBTC,14010356,275069587,5777421354
2025-08-14,FBTC,8415534,274743568,5785836888
2025-08-15,FBTC,12222486,282532650,5798059374
2025-08-18,FBTC,16249479,284419443,5814308853
2025-08-19,FBTC,8684795,285016074,5822993648
2025-08-20,FBTC,11304449,280100428,5834298097
2025-08-21,FBTC,17287905,274417833,5851586002
2025-08-22,FBTC,6538312,272208858,5858124314
2025-08-25,FBTC,9561984,272576742,5867686298
2025-08-26,FBTC,4516539,272070485,5872202837
2025-08-27,FBTC,9705979,268165387,5881908816
2025-08-28,FBTC,13024608,272072498,5894933424
2025-08-29,FBTC,8657553,272195658,5903590977
2025-09-01,FBTC,4757371,263277259,5908348348
2025-09-02,FBTC,12675948,255368766,5921024296
2025-09-03,FBTC,11561102,255181922,5932585398
2025-09-04,FBTC,4861978,237043455,5937447376
2025-09-05,FBTC,5423605,224092425,5942870981
2025-09-08,FBTC,11520167,223924356,5954391148
2025-09-09,FBTC,13324495,225717328,5967715643
2025-09-10,FBTC,21823428,226128073,5989539071
2025-09-11,FBTC,11843105,223960822,6001382176
2025-09-12,FBTC,7074759,222620047,6008456935
2025-09-15,FBTC,15442728,225840289,6023899663
2025-09-16,FBTC,16540141,226130951,6040439804
2025-09-17,FBTC,5289353,222735509,6045729157
2025-09-18,FBTC,11082510,222513570,6056811667
2025-09-19,FBTC,11416358,216642023,6068228025
2025-09-22,FBTC,11975960,222079671,6080203985
2025-09-23,FBTC,20507155,233024842,6100711140
2025-09-24,FBTC,12201060,240709363,6112912200
2025-09-25,FBTC,9485720,240489104,6122397920
2024-01-11,BITB,16815346,0,16815346
2024-01-12,BITB,6615511,0,23430857
2024-01-13,BITB,20765238,0,44196095
2024-01-16,BITB,21995052,0,66191147
2024-01-17,BITB,18994414,0,85185561
2024-01-18,BITB,25237579,0,110423140
2024-01-19,BITB,11082827,0,121505967
2024-01-20,BITB,11245733,0,132751700
2024-01-23,BITB,6087748,0,138839448
2024-01-24,BITB,12677658,0,151517106
2024-01-25,BITB,12909040,0,164426146
2024-01-26,BITB,15397164,0,179823310
2024-01-27,BITB,15683698,0,195507008
2024-01-30,BITB,5962243,0,201469251
2024-01-31,BITB,13750084,0,215219335
2024-02-01,BITB,15352249,0,230571584
2024-02-02,BITB,16299827,0,246871411
2024-02-03,BITB,24711324,0,271582735
2024-02-06,BITB,19942835,0,291525570
2024-02-07,BITB,10790673,0,302316243
2024-02-08,BITB,13559183,315875426,315875426
2024-02-09,BITB,6963968,306024048,322839394
2024-02-10,BITB,17040027,316448564,339879421
2024-02-13,BITB,12816027,308499353,352695448
2024-02-14,BITB,8808804,295313105,361504252
2024-02-15,BITB,16738656,293057347,378242908
2024-02-16,BITB,13295432,281115200,391538340
2024-02-17,BITB,5856495,275888868,397394835
2024-02-20,BITB,11575854,276218989,408970689
2024-02-21,BITB,19353544,289484785,428324233
2024-02-22,BITB,10233799,287040926,438558032
2024-02-23,BITB,13904265,288036151,452462297
2024-02-24,BITB,12086028,284725015,464548325
2024-02-27,BITB,13351910,282393227,477900235
2024-02-28,BITB,15467324,291898308,493367559
2024-02-29,BITB,6778973,284927197,500146532
2024-03-01,BITB,13883827,283458775,514030359
2024-03-02,BITB,15731745,282890693,529762104
2024-03-05,BITB,10570770,268750139,540332874
2024-03-06,BITB,7023686,255830990,547356560
2024-03-07,BITB,4450858,249491175,551807418
2024-03-08,BITB,9422065,245354057,561229483
2024-03-09,BITB,17684551,256074640,578914034
2024-03-11,BITB,9514403,248549016,588428437
2024-03-12,BITB,14245499,249978488,602673936
2024-03-13,BITB,12270052,253439736,614943988
2024-03-14,BITB,12545718,249246798,627489706
2024-03-15,BITB,10143843,246095209,637633549
2024-03-18,BITB,4821304,245060018,642454853
2024-03-19,BITB,12187284,245671448,654642137
2024-03-20,BITB,8168988,234486892,662811125
2024-03-21,BITB,8705588,232958681,671516713
2024-03-22,BITB,6716391,225770807,678233104
2024-03-25,BITB,10961668,224646447,689194772
2024-03-26,BITB,8194332,219488869,697389104
2024-03-27,BITB,8354407,212375952,705743511
2024-03-28,BITB,11337377,216934356,717080888
2024-03-29,BITB,6030356,209080885,723111244
2024-04-01,BITB,10486719,203835859,733597963
2024-04-02,BITB,6649549,199914638,740247512
2024-04-03,BITB,14930230,207821182,755177742
2024-04-04,BITB,12123437,215493761,767301179
2024-04-05,BITB,11226381,217298077,778527560
2024-04-08,BITB,7835605,207449131,786363165
2024-04-09,BITB,9349967,207284695,795713132
2024-04-10,BITB,10693654,203732850,806406786
2024-04-11,BITB,14465287,205928085,820872073
2024-04-12,BITB,7346392,200728759,828218465
2024-04-15,BITB,12418648,203003564,840637113
2024-04-16,BITB,12721997,210904257,853359110
2024-04-17,BITB,9061428,207778401,862420538
2024-04-18,BITB,6383527,205992940,868804065
2024-04-19,BITB,9371371,206658723,878175436
2024-04-22,BITB,5604002,205546334,883779438
2024-04-23,BITB,5266331,199850997,889045769
2024-04-24,BITB,2829492,194486157,891875261
2024-04-25,BITB,4006661,190138411,895881922
2024-04-26,BITB,7674892,186475926,903556814
2024-04-29,BITB,8370963,188816533,911927777
2024-04-30,BITB,4237420,182567234,916165197
2024-05-01,BITB,6903442,182821127,923068639
2024-05-02,BITB,10960242,178851139,934028881
2024-05-03,BITB,5609775,172337477,939638656
2024-05-06,BITB,5124244,166235340,944762900
2024-05-07,BITB,6622171,165021906,951385071
2024-05-08,BITB,8540742,164212681,959925813
2024-05-09,BITB,8008875,161527902,967934688
2024-05-10,BITB,6675509,153738124,974610197
2024-05-13,BITB,3062385,149454117,977672582
2024-05-14,BITB,12416754,149452223,990089336
2024-05-15,BITB,14000126,150730352,1004089462
2024-05-16,BITB,3609208,145278132,1007698670
2024-05-17,BITB,10855074,149749679,1018553744
2024-05-20,BITB,12787393,153165701,1031341137
2024-05-21,BITB,10603823,158165522,1041944960
2024-05-22,BITB,5020857,157920048,1046965817
2024-05-23,BITB,3230086,158320642,1050195903
2024-05-24,BITB,7265461,161579442,1057461364
2024-05-27,BITB,4625993,158530543,1062087357
2024-05-28,BITB,6901014,157060594,1068988371
2024-05-29,BITB,14150523,166973697,1083138894
2024-05-30,BITB,5750388,165820643,1088889282
2024-05-31,BITB,5977541,160837942,1094866823
2024-06-03,BITB,4808062,160036229,1099674885
2024-06-04,BITB,8762913,163674898,1108437798
2024-06-05,BITB,5188179,162240906,1113625977
2024-06-06,BITB,6300601,160000765,1119926578
2024-06-07,BITB,8974714,160966604,1128901292
2024-06-10,BITB,8553752,162844847,1137455044
2024-06-11,BITB,8268589,168051051,1145723633
2024-06-12,BITB,8830165,164464462,1154553798
2024-06-13,BITB,3663921,154128257,1158217719
2024-06-14,BITB,6680333,157199382,1164898052
2024-06-17,BITB,4455507,150799815,1169353559
2024-06-18,BITB,12138728,150151150,1181492287
2024-06-19,BITB,3468713,143016040,1184961000
2024-06-20,BITB,10066165,148061348,1195027165
2024-06-21,BITB,6877663,151708925,1201904828
2024-06-24,BITB,5858322,150301786,1207763150
2024-06-25,BITB,9314335,154990128,1217077485
2024-06-26,BITB,8590777,156679891,1225668262
2024-06-27,BITB,6630567,149159935,1232298829
2024-06-28,BITB,8183033,151592580,1240481862
2024-07-01,BITB,2835318,148450357,1243317180
2024-07-02,BITB,8692663,152334958,1252009843
2024-07-03,BITB,4331205,147903250,1256341048
2024-07-04,BITB,6749871,149464942,1263090919
2024-07-05,BITB,8188141,151352482,1271279060
2024-07-08,BITB,3528935,145906703,1274807995
2024-07-09,BITB,5416955,142769906,1280224950
2024-07-10,BITB,12949301,147450618,1293174251
2024-07-11,BITB,3237996,141858449,1296412247
2024-07-12,BITB,7462068,145656596,1303874315
2024-07-15,BITB,11846268,150822531,1315720583
2024-07-16,BITB,9506134,155873158,1325226717
2024-07-17,BITB,7794604,151529034,1333021321
2024-07-18,BITB,7537464,155597785,1340558785
2024-07-19,BITB,3980332,149511952,1344539117
2024-07-22,BITB,6927770,149562059,1351466887
2024-07-23,BITB,5537222,149240959,1357004109
2024-07-24,BITB,5634415,145561039,1362638524
2024-07-25,BITB,8754780,145725042,1371393304
2024-07-26,BITB,4171473,143265948,1375564777
2024-07-29,BITB,5928919,141011834,1381493696
2024-07-30,BITB,4723601,142900117,1386217297
2024-07-31,BITB,8114246,142321700,1394331543
2024-08-01,BITB,10378494,148368989,1404710037
2024-08-02,BITB,7149738,148768856,1411859775
2024-08-05,BITB,2858621,143439336,1414718396
2024-08-06,BITB,4377426,144287827,1419095822
2024-08-07,BITB,5806435,144677307,1424902257
2024-08-08,BITB,3314953,135042959,1428217210
2024-08-09,BITB,11552645,143357608,1439769855
2024-08-12,BITB,3167190,139062730,1442937045
2024-08-13,BITB,9662489,136878951,1452599534
2024-08-14,BITB,3853288,131226105,1456452822
2024-08-15,BITB,7003575,130435076,1463456397
2024-08-16,BITB,9287892,132185504,1472744289
2024-08-19,BITB,12415761,140620933,1485160050
2024-08-20,BITB,7873637,141566800,1493033687
2024-08-21,BITB,4693392,140722970,1497727079
2024-08-22,BITB,4245687,139334242,1501972766
2024-08-23,BITB,5490658,136070120,1507463424
2024-08-26,BITB,8839749,140738396,1516303173
2024-08-27,BITB,5956429,140765906,1522259602
2024-08-28,BITB,6209755,142252060,1528469357
2024-08-29,BITB,10819752,144957566,1539289109
2024-08-30,BITB,2587126,137166198,1541876235
2024-09-02,BITB,12114768,142131228,1553991003
2024-09-03,BITB,12432829,151705436,1566423832
2024-09-04,BITB,6924021,154252031,1573347853
2024-09-05,BITB,8643772,157089368,1581991625
2024-09-06,BITB,4944533,158718948,1586936158
2024-09-09,BITB,6274946,153441249,1593211104
2024-09-10,BITB,2530028,152804087,1595741132
2024-09-11,BITB,3976102,147117700,1599717234
2024-09-12,BITB,7902728,151167140,1607619962
2024-09-13,BITB,10635134,154798699,1618255096
2024-09-16,BITB,7866527,153377334,1626121623
2024-09-17,BITB,6516331,147477904,1632637954
2024-09-18,BITB,5989804,145594071,1638627758
2024-09-19,BITB,6132273,147032952,1644760031
2024-09-20,BITB,9087605,151874870,1653847636
2024-09-23,BITB,11432678,157816890,1665280314
2024-09-24,BITB,12744622,161721763,1678024936
2024-09-25,BITB,6347752,162113086,1684372688
2024-09-26,BITB,9473225,165376556,1693845913
2024-09-27,BITB,11491873,166048677,1705337786
2024-09-30,BITB,5485437,168946988,1710823223
2024-10-01,BITB,9417731,166249951,1720240954
2024-10-02,BITB,8345555,162162677,1728586509
2024-10-03,BITB,6328231,161566887,1734914740
2024-10-04,BITB,2618140,155541255,1737532880
2024-10-07,BITB,5648288,156245010,1743181168
2024-10-08,BITB,4982527,154952591,1748163695
2024-10-09,BITB,4162922,156585485,1752326617
2024-10-10,BITB,6615488,159224871,1758942105
2024-10-11,BITB,4861997,156184140,1763804102
2024-10-14,BITB,3864290,149413296,1767668392
2024-10-15,BITB,8510178,150056947,1776178570
2024-10-16,BITB,6751272,150291888,1782929842
2024-10-17,BITB,4569027,148871111,1787498869
2024-10-18,BITB,3192077,145930915,1790690946
2024-10-21,BITB,7657890,144501200,1798348836
2024-10-22,BITB,14025864,147094386,1812374700
2024-10-23,BITB,11593250,145943014,1823967950
2024-10-24,BITB,7416735,147011997,1831384685
2024-10-25,BITB,4248174,141786946,1835632859
2024-10-28,BITB,8021353,138316426,1843654212
2024-10-29,BITB,13753132,146584121,1857407344
2024-10-30,BITB,6358992,143525382,1863766336
2024-10-31,BITB,9304645,144484472,1873070981
2024-11-01,BITB,6085580,144241821,1879156561
2024-11-05,BITB,7916055,149539736,1887072616
2024-11-06,BITB,3863608,147755056,1890936224
2024-11-07,BITB,6249912,149022441,1897186136
2024-11-08,BITB,3862786,148722305,1901048922
2024-11-09,BITB,9941108,152047925,1910990030
2024-11-12,BITB,3142201,150328129,1914132231
2024-11-13,BITB,3060437,149524276,1917192668
2024-11-14,BITB,6331383,147345481,1923524051
2024-11-15,BITB,3630902,144225111,1927154953
2024-11-16,BITB,7293693,146949777,1934448646
2024-11-19,BITB,7920207,151677907,1942368853
2024-11-20,BITB,8790753,152810770,1951159606
2024-11-21,BITB,10692492,149477398,1961852098
2024-11-22,BITB,3482130,141366278,1965334228
2024-11-23,BITB,10223524,144173067,1975557752
2024-11-26,BITB,8100945,148025838,1983658697
2024-11-27,BITB,11296581,151301066,1994955278
2024-11-28,BITB,12915988,150463922,2007871266
2024-11-29,BITB,3973380,148078310,2011844646
2024-11-30,BITB,14322680,153096345,2026167326
2024-12-03,BITB,5740121,152750886,2031907447
2024-12-04,BITB,7926919,152761750,2039834366
2024-12-05,BITB,14627834,163525976,2054462200
2024-12-06,BITB,4991303,162267367,2059453503
2024-12-07,BITB,2600957,161005538,2062054460
2024-12-10,BITB,6004173,157068603,2068058633
2024-12-11,BITB,8744582,162670984,2076803215
2024-12-12,BITB,7548558,167159105,2084351773
2024-12-13,BITB,9422652,170250374,2093774425
2024-12-14,BITB,11006451,177625923,2104780876
2024-12-17,BITB,7221501,177553731,2112002377
2024-12-18,BITB,3702352,173335876,2115704729
2024-12-19,BITB,5251568,169796691,2120956297
2024-12-20,BITB,8849002,167953201,2129805299
2024-12-21,BITB,3888296,168359367,2133693595
2024-12-24,BITB,7527087,165662930,2141220682
2024-12-25,BITB,9761668,167323653,2150982350
2024-12-26,BITB,2603628,158630700,2153585978
2024-12-27,BITB,7551339,153266051,2161137317
2024-12-28,BITB,11489627,160782298,2172626944
2024-12-31,BITB,5921876,152381494,2178548820
2025-01-01,BITB,4908701,151550074,2183457521
2025-01-02,BITB,14550329,158173484,2198007850
2025-01-03,BITB,13344871,156890521,2211352721
2025-01-04,BITB,7225108,159124326,2218577829
2025-01-07,BITB,4198079,160721448,2222775908
2025-01-08,BITB,3734051,158451326,2226509959
2025-01-09,BITB,8262965,157969709,2234772924
2025-01-10,BITB,4042935,154464086,2238815859
2025-01-11,BITB,9644258,154685692,2248460117
2025-01-14,BITB,4657873,148337114,2253117990
2025-01-15,BITB,8069634,149185247,2261187624
2025-01-16,BITB,8258947,153741842,2269446571
2025-01-17,BITB,10505711,158995985,2279952282
2025-01-18,BITB,11909898,162056881,2291862180
2025-01-21,BITB,8743997,166912582,2300606177
2025-01-22,BITB,7321216,166706711,2307927393
2025-01-23,BITB,4190286,161135329,2312117679
2025-01-24,BITB,6345476,164877177,2318463155
2025-01-25,BITB,4373544,161699382,2322836699
2025-01-28,BITB,8761537,158971292,2331598236
2025-01-29,BITB,8648005,161697421,2340246241
2025-01-30,BITB,3856577,160645297,2344102818
2025-01-31,BITB,4865810,150960778,2348968628
2025-02-01,BITB,10412829,148028736,2359381457
2025-02-04,BITB,4138887,144942515,2363520344
2025-02-05,BITB,5196419,145940855,2368716763
2025-02-06,BITB,4820825,147027629,2373537588
2025-02-07,BITB,11308908,150073572,2384846496
2025-02-08,BITB,3841752,149872389,2388688248
2025-02-11,BITB,13047284,153275415,2401735532
2025-02-12,BITB,10785252,159402794,2412520784
2025-02-13,BITB,8445680,159778840,2420966464
2025-02-14,BITB,11844514,163364407,2432810978
2025-02-15,BITB,7317416,160176112,2440128394
2025-02-18,BITB,6437175,154703389,2446565569
2025-02-19,BITB,7665019,153624411,2454230588
2025-02-20,BITB,7677704,153980899,2461908292
2025-02-21,BITB,11311502,161102115,2473219794
2025-02-22,BITB,8482225,163238864,2481702019
2025-02-25,BITB,3836964,162702284,2485538983
2025-02-26,BITB,12984309,166925056,2498523292
2025-02-27,BITB,5031254,163308305,2503554546
2025-02-28,BITB,3355366,162807094,2506909912
2025-03-01,BITB,2978812,160920096,2509888724
2025-03-04,BITB,3713675,154220942,2513602399
2025-03-05,BITB,3667059,153749114,2517269458
2025-03-06,BITB,9567902,158120597,2526837360
2025-03-07,BITB,13711840,167011612,2540549200
2025-03-08,BITB,5394377,161097081,2545943577
2025-03-10,BITB,11972829,169228158,2557916406
2025-03-11,BITB,10700152,166881026,2568616558
2025-03-12,BITB,12124544,168220318,2580741102
2025-03-13,BITB,5518381,165293019,2586259483
2025-03-14,BITB,7792434,161240939,2594051917
2025-03-17,BITB,6828048,160751571,2600879965
2025-03-18,BITB,8942524,163256920,2609822489
2025-03-19,BITB,12058572,167650473,2621881061
2025-03-20,BITB,11134023,171106792,2633015084
2025-03-21,BITB,4395002,164190292,2637410086
2025-03-24,BITB,8977025,164685092,2646387111
2025-03-25,BITB,6610217,167458345,2652997328
2025-03-26,BITB,4732310,159206346,2657729638
2025-03-27,BITB,9145062,163320154,2666874700
2025-03-28,BITB,10098080,170062868,2676972780
2025-03-31,BITB,5410166,172494222,2682382946
2025-04-01,BITB,6295486,175076033,2688678432
2025-04-02,BITB,3376892,174785866,2692055324
2025-04-03,BITB,7334911,172552875,2699390235
2025-04-04,BITB,10295979,169137014,2709686214
2025-04-07,BITB,8672429,172415066,2718358643
2025-04-08,BITB,5694456,166136693,2724053099
2025-04-09,BITB,9018135,164454676,2733071234
2025-04-10,BITB,4593343,156923475,2737664577
2025-04-11,BITB,11116557,162521651,2748781134
2025-04-14,BITB,5132518,159861735,2753913652
2025-04-15,BITB,5340793,158374480,2759254445
2025-04-16,BITB,7544109,156976065,2766798554
2025-04-17,BITB,5558174,150475667,2772356728
2025-04-18,BITB,8064517,147406161,2780421245
2025-04-21,BITB,5727687,148738846,2786148932
2025-04-22,BITB,6506208,146268029,2792655140
2025-04-23,BITB,7453012,147110824,2800108152
2025-04-24,BITB,6666354,149044868,2806774506
2025-04-25,BITB,12228054,152127860,2819002560
2025-04-28,BITB,4049615,146079395,2823052175
2025-04-29,BITB,8706450,149375679,2831758625
2025-04-30,BITB,5617834,148698027,2837376459
2025-05-01,BITB,4571795,149892930,2841948254
2025-05-02,BITB,8327289,150885308,2850275543
2025-05-05,BITB,12855018,153444347,2863130561
2025-05-06,BITB,3898466,148670384,2867029027
2025-05-07,BITB,7881172,150857100,2874910199
2025-05-08,BITB,8420972,150259937,2883331171
2025-05-09,BITB,9257885,154924479,2892589056
2025-05-12,BITB,9318377,153126299,2901907433
2025-05-13,BITB,11241645,159235426,2913149078
2025-05-14,BITB,3930746,157825379,2917079824
2025-05-15,BITB,13833503,164114773,2930913327
2025-05-16,BITB,4007663,162564262,2934920990
2025-05-19,BITB,4185083,158684828,2939106073
2025-05-20,BITB,3980306,156937447,2943086379
2025-05-21,BITB,9673962,160105201,2952760341
2025-05-22,BITB,9558781,162210970,2962319122
2025-05-23,BITB,4922355,160466971,2967241477
2025-05-26,BITB,11559742,159798659,2978801219
2025-05-27,BITB,7433442,163182486,2986234661
2025-05-28,BITB,5950925,160426961,2992185586
2025-05-29,BITB,8692419,163501546,3000878005
2025-05-30,BITB,3973486,162903237,3004851491
2025-06-02,BITB,6921161,161497109,3011772652
2025-06-03,BITB,5317031,153959122,3017089683
2025-06-04,BITB,7667687,157728343,3024757370
2025-06-05,BITB,4040485,153887656,3028797855
2025-06-06,BITB,5416286,150882970,3034214141
2025-06-09,BITB,8829939,150455024,3043044080
2025-06-10,BITB,14550204,155686851,3057594284
2025-06-11,BITB,10596708,155041914,3068190992
2025-06-12,BITB,4598544,155709712,3072789536
2025-06-13,BITB,8666062,150542271,3081455598
2025-06-16,BITB,4844268,151378876,3086299866
2025-06-17,BITB,6234178,153427971,3092534044
2025-06-18,BITB,6194758,155642423,3098728802
2025-06-19,BITB,4430043,150398504,3103158845
2025-06-20,BITB,9743951,150583674,3112902796
2025-06-23,BITB,11252925,156914244,3124155721
2025-06-24,BITB,3917340,149271842,3128073061
2025-06-25,BITB,11376807,153215207,3139449868
2025-06-26,BITB,9405412,156669694,3148855280
2025-06-27,BITB,8380366,156357641,3157235646
2025-06-30,BITB,11896223,164280378,3169131869
2025-07-01,BITB,3299434,160658651,3172431303
2025-07-02,BITB,5115418,160457038,3177546721
2025-07-03,BITB,10998173,163787524,3188544894
2025-07-04,BITB,5585273,165332312,3194130167
2025-07-07,BITB,3093064,163009090,3197223231
2025-07-08,BITB,8458763,162637914,3205681994
2025-07-09,BITB,5596143,153683853,3211278137
2025-07-10,BITB,3571088,146658233,3214849225
2025-07-11,BITB,9572020,151631709,3224421245
2025-07-14,BITB,12870946,155836593,3237292191
2025-07-15,BITB,5203185,156195510,3242495376
2025-07-16,BITB,9860874,159822206,3252356250
2025-07-17,BITB,9216497,162843945,3261572747
2025-07-18,BITB,8229547,166643449,3269802294
2025-07-21,BITB,6946636,163846134,3276748930
2025-07-22,BITB,11788797,164382006,3288537727
2025-07-23,BITB,9988913,170453579,3298526640
2025-07-24,BITB,14286190,173362962,3312812830
2025-07-25,BITB,3869391,167826941,3316682221
2025-07-28,BITB,5322128,164768703,3322004349
2025-07-29,BITB,4395385,157267865,3326399734
2025-07-30,BITB,9448111,163416542,3335847845
2025-07-31,BITB,3626596,161927720,3339474441
2025-08-01,BITB,6270859,157200406,3345745300
2025-08-04,BITB,10047617,161662750,3355792917
2025-08-05,BITB,10919483,169489169,3366712400
2025-08-06,BITB,5445493,166475899,3372157893
2025-08-07,BITB,7556136,168435892,3379714029
2025-08-08,BITB,7224881,172089685,3386938910
2025-08-11,BITB,12596288,175113953,3399535198
2025-08-12,BITB,12349428,174592435,3411884626
2025-08-13,BITB,3769158,173158408,3415653784
2025-08-14,BITB,5188829,168486363,3420842613
2025-08-15,BITB,12395476,171665342,3433238089
2025-08-18,BITB,8865915,172301710,3442104004
2025-08-19,BITB,9335274,174690348,3451439278
2025-08-20,BITB,7805539,170707090,3459244817
2025-08-21,BITB,10135064,170853241,3469379881
2025-08-22,BITB,5995289,162562340,3475375170
2025-08-25,BITB,5601542,164294491,3480976712
2025-08-26,BITB,8815034,167787397,3489791746
2025-08-27,BITB,8457465,171849477,3498249211
2025-08-28,BITB,8277189,170678555,3506526400
2025-08-29,BITB,5952889,173004848,3512479289
2025-09-01,BITB,2721963,169455952,3515201252
2025-09-02,BITB,10523635,169931970,3525724887
2025-09-03,BITB,5415689,164428176,3531140576
2025-09-04,BITB,4403100,163385783,3535543676
2025-09-05,BITB,6487115,162316762,3542030791
2025-09-08,BITB,11151808,166243689,3553182599
2025-09-09,BITB,4712836,158360237,3557895435
2025-09-10,BITB,3694590,149705399,3561590025
2025-09-11,BITB,5626259,151562500,3567216284
2025-09-12,BITB,3849025,150222696,3571065309
2025-09-15,BITB,7165382,144992602,3578230691
2025-09-16,BITB,5762179,141888866,3583992870
2025-09-17,BITB,11751292,144304884,3595744162
2025-09-18,BITB,11757618,148256963,3607501780
2025-09-19,BITB,3779015,141900914,3611280795
2025-09-22,BITB,10725741,146631366,3622006536
2025-09-23,BITB,12298855,153328679,3634305391
2025-09-24,BITB,6418977,150932622,3640724368
2025-09-25,BITB,6761124,149236281,3647485492
2024-01-11,ARKB,9431306,0,9431306
2024-01-12,ARKB,15064518,0,24495824
2024-01-13,ARKB,18573487,0,43069311
2024-01-16,ARKB,13632771,0,56702082
2024-01-17,ARKB,9384617,0,66086699
2024-01-18,ARKB,8522744,0,74609443
2024-01-19,ARKB,10071220,0,84680663
2024-01-20,ARKB,15444494,0,100125157
2024-01-23,ARKB,12838468,0,112963625
2024-01-24,ARKB,15820118,0,128783743
2024-01-25,ARKB,4701902,0,133485645
2024-01-26,ARKB,14392088,0,147877733
2024-01-27,ARKB,7916082,0,155793815
2024-01-30,ARKB,10246275,0,166040090
2024-01-31,ARKB,8940986,0,174981076
2024-02-01,ARKB,11103197,0,186084273
2024-02-02,ARKB,7961457,0,194045730
2024-02-03,ARKB,5509407,0,199555137
2024-02-06,ARKB,9385922,0,208941059
2024-02-07,ARKB,4453139,0,213394198
2024-02-08,ARKB,9486302,222880500,222880500
2024-02-09,ARKB,7949378,221398572,230829878
2024-02-10,ARKB,4278951,210613005,235108829
2024-02-13,ARKB,9505249,201544767,244614078
2024-02-14,ARKB,5406249,193318245,250020327
2024-02-15,ARKB,3169075,187102703,253189402
2024-02-16,ARKB,9842960,188422919,263032362
2024-02-17,ARKB,8713054,187064753,271745416
2024-02-20,ARKB,7252115,178872374,278997531
2024-02-21,ARKB,3252546,169286452,282250077
2024-02-22,ARKB,3018218,156484552,285268295
2024-02-23,ARKB,5063782,156846432,290332077
2024-02-24,ARKB,3127616,145581960,293459693
2024-02-27,ARKB,5686961,143352839,299146654
2024-02-28,ARKB,8440869,141547433,307587523
2024-02-29,ARKB,7844699,140451146,315432222
2024-03-01,ARKB,7163621,136511570,322595843
2024-03-02,ARKB,8581719,137131832,331177562
2024-03-05,ARKB,8948113,140570538,340125675
2024-03-06,ARKB,4273883,135458499,344399558
2024-03-07,ARKB,4251745,135257105,348651303
2024-03-08,ARKB,12157827,137928630,360809130
2024-03-09,ARKB,6955581,136934833,367764711
2024-03-11,ARKB,11610960,144266842,379375671
2024-03-12,ARKB,4584479,139346072,383960150
2024-03-13,ARKB,5471029,139410852,389431179
2024-03-14,ARKB,2627314,138869091,392058493
2024-03-15,ARKB,5331385,134357516,397389878
2024-03-18,ARKB,8267444,133911906,405657322
2024-03-19,ARKB,4161345,130821136,409818667
2024-03-20,ARKB,13573594,141142184,423392261
2024-03-21,ARKB,5677349,143801315,429069610
2024-03-22,ARKB,4130633,142868166,433200243
2024-03-25,ARKB,6632075,146372625,439832318
2024-03-26,ARKB,2275069,142960733,442107387
2024-03-27,ARKB,7211916,141731780,449319303
2024-03-28,ARKB,5466698,139353779,454786001
2024-03-29,ARKB,5203560,137393718,459989561
2024-04-01,ARKB,9631540,138443539,469621101
2024-04-02,ARKB,13135606,142631032,482756707
2024-04-03,ARKB,9397678,147754827,492154385
2024-04-04,ARKB,13855926,157359008,506010311
2024-04-05,ARKB,9184225,154385406,515194536
2024-04-08,ARKB,4400441,151830266,519594977
2024-04-09,ARKB,6019665,146238971,525614642
2024-04-10,ARKB,3317735,144972227,528932377
2024-04-11,ARKB,5649237,145150435,534581614
2024-04-12,ARKB,5089040,147612161,539670654
2024-04-15,ARKB,1917926,144198702,541588580
2024-04-16,ARKB,2566450,138497708,544155030
2024-04-17,ARKB,4472620,138808983,548627650
2024-04-18,ARKB,4725360,129960749,553353010
2024-04-19,ARKB,6081581,130364981,559434591
2024-04-22,ARKB,6260127,132494475,565694718
2024-04-23,ARKB,3672766,129535166,569367484
2024-04-24,ARKB,2299608,129559705,571667092
2024-04-25,ARKB,6517626,128865415,578184718
2024-04-26,ARKB,7790267,131188984,585974985
2024-04-29,ARKB,5260090,131245514,591235075
2024-04-30,ARKB,5024305,126638279,596259380
2024-05-01,ARKB,5546575,119049248,601805955
2024-05-02,ARKB,9117622,118769192,610923577
2024-05-03,ARKB,6006615,110919881,616930192
2024-05-06,ARKB,4753930,106489586,621684122
2024-05-07,ARKB,9469357,111558502,631153479
2024-05-08,ARKB,4429394,109968231,635582873
2024-05-09,ARKB,3235390,109885886,638818263
2024-05-10,ARKB,2961146,107197795,641779409
2024-05-13,ARKB,2494066,104602821,644273475
2024-05-14,ARKB,6815996,109500891,651089471
2024-05-15,ARKB,6786752,113721193,657876223
2024-05-16,ARKB,2942591,112191164,660818814
2024-05-17,ARKB,5332202,112798006,666151016
2024-05-20,ARKB,6046857,112763282,672197873
2024-05-21,ARKB,6541147,113044302,678739020
2024-05-22,ARKB,7594970,116966506,686333990
2024-05-23,ARKB,2357076,117023974,688691066
2024-05-24,ARKB,3618174,114124522,692309240
2024-05-27,ARKB,8560700,114894955,700869940
2024-05-28,ARKB,4322510,113957375,705192450
2024-05-29,ARKB,3476647,112409717,708669097
2024-05-30,ARKB,3901153,110764295,712570250
2024-05-31,ARKB,4261657,105908330,716831907
2024-06-03,ARKB,8215629,108117344,725047536
2024-06-04,ARKB,6543607,109907021,731591143
2024-06-05,ARKB,3941789,104379453,735532932
2024-06-06,ARKB,1694879,101644938,737227811
2024-06-07,ARKB,3133312,101542860,740361123
2024-06-10,ARKB,4389237,102970951,744750360
2024-06-11,ARKB,3957333,104434218,748707693
2024-06-12,ARKB,4310069,101928291,753017762
2024-06-13,ARKB,2408999,97550538,755426761
2024-06-14,ARKB,5959347,100567294,761386108
2024-06-17,ARKB,7103556,102338648,768489664
2024-06-18,ARKB,5200196,101491987,773689860
2024-06-19,ARKB,3637156,98587996,777327016
2024-06-20,ARKB,8881611,99874637,786208627
2024-06-21,ARKB,1511193,99028754,787719820
2024-06-24,ARKB,3288209,98698789,791008029
2024-06-25,ARKB,3879491,94017580,794887520
2024-06-26,ARKB,6773555,96468625,801661075
2024-06-27,ARKB,2562055,95554033,804223130
2024-06-28,ARKB,6315521,97968401,810538651
2024-07-01,ARKB,5051731,98758475,815590382
2024-07-02,ARKB,3773936,94316782,819364318
2024-07-03,ARKB,3110962,90884137,822475280
2024-07-04,ARKB,8531165,95473513,831006445
2024-07-05,ARKB,2006985,95785619,833013430
2024-07-08,ARKB,9593828,102246135,842607258
2024-07-09,ARKB,4277982,102134880,846885240
2024-07-10,ARKB,2836614,101014161,849721854
2024-07-11,ARKB,5139354,101843446,854861208
2024-07-12,ARKB,6274723,105709170,861135931
2024-07-15,ARKB,3075256,102825079,864211187
2024-07-16,ARKB,5165331,100886854,869376518
2024-07-17,ARKB,4504491,100191149,873881009
2024-07-18,ARKB,2492036,99046029,876373045
2024-07-19,ARKB,6472553,96636971,882845598
2024-07-22,ARKB,5885139,101010917,888730737
2024-07-23,ARKB,3950690,101673398,892681427
2024-07-24,ARKB,4688991,102482898,897370418
2024-07-25,ARKB,6561097,102270440,903931515
2024-07-26,ARKB,9476145,109184530,913407660
2024-07-29,ARKB,5151193,108020202,918558853
2024-07-30,ARKB,5118059,108086530,923676912
2024-07-31,ARKB,1649760,105962354,925326672
2024-08-01,ARKB,2083378,104934770,927410050
2024-08-02,ARKB,6945237,103348842,934355287
2024-08-05,ARKB,3002160,104344017,937357447
2024-08-06,ARKB,9030093,103780282,946387540
2024-08-07,ARKB,5084052,104586352,951471592
2024-08-08,ARKB,7128142,108877880,958599734
2024-08-09,ARKB,2226116,105964642,960825850
2024-08-12,ARKB,4789519,104479438,965615369
2024-08-13,ARKB,2401465,103805647,968016834
2024-08-14,ARKB,4332318,102972634,972349152
2024-08-15,ARKB,5878469,104346612,978227621
2024-08-16,ARKB,4284569,106139145,982512190
2024-08-19,ARKB,6622669,106289261,989134859
2024-08-20,ARKB,4960245,105364367,994095104
2024-08-21,ARKB,5867578,107281255,999962682
2024-08-22,ARKB,4105977,106698241,1004068659
2024-08-23,ARKB,6089061,106226205,1010157720
2024-08-26,ARKB,3278181,100028241,1013435901
2024-08-27,ARKB,4368679,99245727,1017804580
2024-08-28,ARKB,5468934,99596602,1023273514
2024-08-29,ARKB,3968722,101915564,1027242236
2024-08-30,ARKB,7392959,107225145,1034635195
2024-09-02,ARKB,3119595,103399503,1037754790
2024-09-03,ARKB,9041767,109439110,1046796557
2024-09-04,ARKB,2966380,103375397,1049762937
2024-09-05,ARKB,2266613,100557958,1052029550
2024-09-06,ARKB,6297242,99727058,1058326792
2024-09-09,ARKB,4998861,102499803,1063325653
2024-09-10,ARKB,2282669,99992953,1065608322
2024-09-11,ARKB,5592307,103183795,1071200629
2024-09-12,ARKB,9236359,108087836,1080436988
2024-09-13,ARKB,4184266,106393633,1084621254
2024-09-16,ARKB,3608025,105717089,1088229279
2024-09-17,ARKB,7699445,106793865,1095928724
2024-09-18,ARKB,5430022,107263642,1101358746
2024-09-19,ARKB,3933383,105329447,1105292129
2024-09-20,ARKB,3170848,104394318,1108462977
2024-09-23,ARKB,9508106,107813363,1117971083
2024-09-24,ARKB,4336454,108871636,1122307537
2024-09-25,ARKB,6515933,111018890,1128823470
2024-09-26,ARKB,5035070,110585026,1133858540
2024-09-27,ARKB,9763881,116380185,1143622421
2024-09-30,ARKB,1885649,110872875,1145508070
2024-10-01,ARKB,2380703,110133983,1147888773
2024-10-02,ARKB,4104693,105196909,1151993466
2024-10-03,ARKB,6148211,108378740,1158141677
2024-10-04,ARKB,4927516,111039643,1163069193
2024-10-07,ARKB,2384445,107126846,1165453638
2024-10-08,ARKB,2257985,104385970,1167711623
2024-10-09,ARKB,8668203,110771504,1176379826
2024-10-10,ARKB,3700391,108879588,1180080217
2024-10-11,ARKB,4454117,104097346,1184534334
2024-10-14,ARKB,4819984,104733064,1189354318
2024-10-15,ARKB,1560973,102686012,1190915291
2024-10-16,ARKB,4430134,99416701,1195345425
2024-10-17,ARKB,7417796,101404475,1202763221
2024-10-18,ARKB,2238117,99709209,1205001338
2024-10-21,ARKB,4189248,100727609,1209190586
2024-10-22,ARKB,5286498,96506001,1214477084
2024-10-23,ARKB,2171452,94340999,1216648536
2024-10-24,ARKB,3796792,91621858,1220445328
2024-10-25,ARKB,6578412,93165200,1227023740
2024-10-28,ARKB,4654888,88056207,1231678628
2024-10-29,ARKB,3975915,90146473,1235654543
2024-10-30,ARKB,2100115,89865885,1237754658
2024-10-31,ARKB,4957583,90718775,1242712241
2024-11-01,ARKB,2780577,87351141,1245492818
2024-11-05,ARKB,6706745,89130370,1252199563
2024-11-06,ARKB,8828029,95573954,1261027592
2024-11-07,ARKB,7884729,101200698,1268912321
2024-11-08,ARKB,6054255,98586750,1274966576
2024-11-09,ARKB,4339738,99226097,1279306314
2024-11-12,ARKB,7023504,101795484,1286329818
2024-11-13,ARKB,4537237,101512737,1290867055
2024-11-14,ARKB,3873673,103825437,1294740728
2024-11-15,ARKB,5513093,104908396,1300253821
2024-11-16,ARKB,7799930,105290530,1308053751
2024-11-19,ARKB,6517444,109569857,1314571195
2024-11-20,ARKB,7311301,112691910,1321882496
2024-11-21,ARKB,3336188,110741600,1325218684
2024-11-22,ARKB,8064411,116634559,1333283095
2024-11-23,ARKB,6775759,119613526,1340058854
2024-11-26,ARKB,6814739,119849853,1346873593
2024-11-27,ARKB,5086560,120281525,1351960153
2024-11-28,ARKB,3939764,120245374,1355899917
2024-11-29,ARKB,4133546,122278805,1360033463
2024-11-30,ARKB,6219660,123540882,1366253123
2024-12-03,ARKB,7623664,128383969,1373876787
2024-12-04,ARKB,5723094,127400318,1379599881
2024-12-05,ARKB,3860189,122432478,1383460070
2024-12-06,ARKB,8136300,122684049,1391596370
2024-12-07,ARKB,2906954,119536748,1394503324
2024-12-10,ARKB,4271270,119468280,1398774594
2024-12-11,ARKB,2886944,115331720,1401661538
2024-12-12,ARKB,4930172,115724655,1406591710
2024-12-13,ARKB,2048158,113899140,1408639868
2024-12-14,ARKB,2803504,111189551,1411443372
2024-12-17,ARKB,3826327,107215948,1415269699
2024-12-18,ARKB,3743886,104442390,1419013585
2024-12-19,ARKB,7844862,104975951,1426858447
2024-12-20,ARKB,5132346,106772109,1431990793
2024-12-21,ARKB,6339839,105047537,1438330632
2024-12-24,ARKB,8645398,106917176,1446976030
2024-12-25,ARKB,2604571,102707008,1449580601
2024-12-26,ARKB,1529139,99149587,1451109740
2024-12-27,ARKB,6122607,101332430,1457232347
2024-12-28,ARKB,6273736,103472620,1463506083
2024-12-31,ARKB,8823362,106076322,1472329445
2025-01-01,ARKB,4268054,102720712,1476597499
2025-01-02,ARKB,6911317,103908935,1483508816
2025-01-03,ARKB,5690252,105738998,1489199068
2025-01-04,ARKB,2595165,100197863,1491794233
2025-01-07,ARKB,1751404,99042313,1493545637
2025-01-08,ARKB,3862094,98633137,1497407731
2025-01-09,ARKB,6910756,102656949,1504318487
2025-01-10,ARKB,3827588,101554365,1508146075
2025-01-11,ARKB,4994445,104500652,1513140520
2025-01-14,ARKB,4723600,106420748,1517864120
2025-01-15,ARKB,5223745,107818166,1523087865
2025-01-16,ARKB,5258723,109333003,1528346588
2025-01-17,ARKB,5771888,107260029,1534118476
2025-01-18,ARKB,7051936,109179619,1541170412
2025-01-21,ARKB,8551757,111391537,1549722169
2025-01-22,ARKB,7254067,110000206,1556976236
2025-01-23,ARKB,4075334,111470969,1561051570
2025-01-24,ARKB,4128901,114070731,1565180471
2025-01-25,ARKB,5289730,113237854,1570470201
2025-01-28,ARKB,3045122,110009240,1573515323
2025-01-29,ARKB,1501100,102686978,1575016423
2025-01-30,ARKB,5867106,104286030,1580883529
2025-01-31,ARKB,7387840,104762553,1588271369
2025-02-01,ARKB,8388499,107460800,1596659868
2025-02-04,ARKB,1922049,106787684,1598581917
2025-02-05,ARKB,3909807,108946087,1602491724
2025-02-06,ARKB,6078143,111162136,1608569867
2025-02-07,ARKB,3030124,107281504,1611599991
2025-02-08,ARKB,6996437,110450353,1618596428
2025-02-11,ARKB,5915449,111371357,1624511877
2025-02-12,ARKB,8851531,115499288,1633363408
2025-02-13,ARKB,5127299,115402842,1638490707
2025-02-14,ARKB,5394028,115538147,1643884735
2025-02-15,ARKB,1957821,111724080,1645842556
2025-02-18,ARKB,3243148,107915292,1649085704
2025-02-19,ARKB,9123462,108486997,1658209166
2025-02-20,ARKB,8074636,109307566,1666283802
2025-02-21,ARKB,4499375,109731607,1670783177
2025-02-22,ARKB,2820983,108423689,1673604160
2025-02-25,ARKB,4844624,107978583,1678448784
2025-02-26,ARKB,2582536,107515997,1681031320
2025-02-27,ARKB,6239997,112254894,1687271317
2025-02-28,ARKB,1941036,108328824,1689212353
2025-03-01,ARKB,4512119,105453103,1693724472
2025-03-04,ARKB,7605110,104669714,1701329582
2025-03-05,ARKB,1608228,104355893,1702937810
2025-03-06,ARKB,4636073,105082159,1707573883
2025-03-07,ARKB,6466570,105470586,1714040453
2025-03-08,ARKB,8629101,111069563,1722669554
2025-03-10,ARKB,3389578,107462704,1726059132
2025-03-11,ARKB,1837040,103384295,1727896172
2025-03-12,ARKB,4001537,98534301,1731897709
2025-03-13,ARKB,6949465,100356467,1738847174
2025-03-14,ARKB,8722910,103685349,1747570084
2025-03-17,ARKB,8121073,109848601,1755691157
2025-03-18,ARKB,6290574,112896027,1761981731
2025-03-19,ARKB,4772730,108545295,1766754461
2025-03-20,ARKB,6640639,107111298,1773395100
2025-03-21,ARKB,7732988,110344911,1781128088
2025-03-24,ARKB,6446186,113970114,1787574274
2025-03-25,ARKB,8681900,117807390,1796256174
2025-03-26,ARKB,6198103,121422957,1802454277
2025-03-27,ARKB,6930381,122113341,1809384658
2025-03-28,ARKB,5275428,125447733,1814660086
2025-03-31,ARKB,2726387,123662001,1817386473
2025-04-01,ARKB,3990084,120046975,1821376557
2025-04-02,ARKB,3154571,121593318,1824531128
2025-04-03,ARKB,3516879,120474124,1828048007
2025-04-04,ARKB,4347505,118355059,1832395512
2025-04-07,ARKB,2015668,111741626,1834411180
2025-04-08,ARKB,4682083,113034131,1839093263
2025-04-09,ARKB,5720514,116917605,1844813777
2025-04-10,ARKB,9125154,122041222,1853938931
2025-04-11,ARKB,2630928,117722685,1856569859
2025-04-14,ARKB,2397395,111397170,1858967254
2025-04-15,ARKB,3244146,106520243,1862211400
2025-04-16,ARKB,4808955,105038624,1867020355
2025-04-17,ARKB,5747391,106013285,1872767746
2025-04-18,ARKB,7117767,106490413,1879885513
2025-04-21,ARKB,4161814,102919239,1884047327
2025-04-22,ARKB,3182852,99655905,1887230179
2025-04-23,ARKB,5977576,96951581,1893207755
2025-04-24,ARKB,3406356,94159834,1896614111
2025-04-25,ARKB,6555179,93784632,1903169290
2025-04-28,ARKB,7665836,96175040,1910835126
2025-04-29,ARKB,1988071,95436724,1912823197
2025-04-30,ARKB,9437545,100884185,1922260742
2025-05-01,ARKB,4493724,102223338,1926754466
2025-05-02,ARKB,2358081,101064540,1929112547
2025-05-05,ARKB,2013866,98730901,1931126413
2025-05-06,ARKB,3426030,100141263,1934552443
2025-05-07,ARKB,3328227,98787407,1937880670
2025-05-08,ARKB,6273508,99340401,1944154178
2025-05-09,ARKB,2354046,92569293,1946508224
2025-05-12,ARKB,3077017,93015382,1949585241
2025-05-13,ARKB,5231980,95849967,1954817221
2025-05-14,ARKB,5768836,98374657,1960586057
2025-05-15,ARKB,6777210,100342912,1967363267
2025-05-16,ARKB,2588211,97183732,1969951478
2025-05-19,ARKB,7302932,97368897,1977254410
2025-05-20,ARKB,4662003,97869086,1981916413
2025-05-21,ARKB,3567543,98253777,1985483956
2025-05-22,ARKB,3641208,95917409,1989125164
2025-05-23,ARKB,3515124,96026177,1992640288
2025-05-26,ARKB,2808313,92279311,1995448601
2025-05-27,ARKB,2740433,87353908,1998189034
2025-05-28,ARKB,9918254,95284091,2008107288
2025-05-29,ARKB,4652782,90499328,2012760070
2025-05-30,ARKB,5719023,91724627,2018479093
2025-06-02,ARKB,3542062,92908608,2022021155
2025-06-03,ARKB,3428582,94323324,2025449737
2025-06-04,ARKB,6615271,97512565,2032065008
2025-06-05,ARKB,2491987,96676325,2034556995
2025-06-06,ARKB,2615374,93018191,2037172369
2025-06-09,ARKB,2803425,93467570,2039975794
2025-06-10,ARKB,3204883,93595436,2043180677
2025-06-11,ARKB,5952206,94315662,2049132883
2025-06-12,ARKB,6384202,94931028,2055517085
2025-06-13,ARKB,7657593,95811411,2063174678
2025-06-16,ARKB,9261985,102485185,2072436663
2025-06-17,ARKB,7241013,102423266,2079677676
2025-06-18,ARKB,2813033,100574296,2082490709
2025-06-19,ARKB,2562821,99569574,2085053530
2025-06-20,ARKB,5178011,101106377,2090231541
2025-06-23,ARKB,7846681,105437934,2098078222
2025-06-24,ARKB,4731714,107361335,2102809936
2025-06-25,ARKB,9562970,114183872,2112372906
2025-06-26,ARKB,5641766,109907384,2118014672
2025-06-27,ARKB,5130373,110384975,2123145045
2025-06-30,ARKB,1880692,106546644,2125025737
2025-07-01,ARKB,3752312,106756894,2128778049
2025-07-02,ARKB,4500076,107828388,2133278125
2025-07-03,ARKB,8267729,109480846,2141545854
2025-07-04,ARKB,2558660,109547519,2144104514
2025-07-07,ARKB,5903617,112835762,2150008131
2025-07-08,ARKB,3372189,113404526,2153380320
2025-07-09,ARKB,6525193,116724836,2159905513
2025-07-10,ARKB,3233013,114005643,2163138526
2025-07-11,ARKB,3184273,110805714,2166322799
2025-07-14,ARKB,6547670,109695791,2172870469
2025-07-15,ARKB,2378878,102812684,2175249347
2025-07-16,ARKB,6314316,101885987,2181563663
2025-07-17,ARKB,3958997,103031951,2185522660
2025-07-18,ARKB,5144728,105613858,2190667388
2025-07-21,ARKB,3182591,103618438,2193849979
2025-07-22,ARKB,2169416,97941173,2196019395
2025-07-23,ARKB,4712662,97922121,2200732057
2025-07-24,ARKB,3031821,91390972,2203763878
2025-07-25,ARKB,8467705,94216911,2212231583
2025-07-28,ARKB,3603768,92690306,2215835351
2025-07-29,ARKB,5225382,96034996,2221060733
2025-07-30,ARKB,7933009,100215693,2228993742
2025-07-31,ARKB,4545978,100261595,2233539720
2025-08-01,ARKB,4508353,96502219,2238048073
2025-08-04,ARKB,5079233,99022792,2243127306
2025-08-05,ARKB,3737522,96856697,2246864828
2025-08-06,ARKB,5373034,98857542,2252237862
2025-08-07,ARKB,7103181,99435530,2259341043
2025-08-08,ARKB,5009057,101211574,2264350100
2025-08-11,ARKB,2305390,100332691,2266655490
2025-08-12,ARKB,2731400,96516421,2269386890
2025-08-13,ARKB,8733201,102870744,2278120091
2025-08-14,ARKB,3146161,99702589,2281266252
2025-08-15,ARKB,5667846,101411438,2286934098
2025-08-18,ARKB,5139974,101406684,2292074072
2025-08-19,ARKB,2730774,100954867,2294804846
2025-08-20,ARKB,6917827,105703278,2301722673
2025-08-21,ARKB,8391059,109381675,2310113732
2025-08-22,ARKB,7443548,113793402,2317557280
2025-08-25,ARKB,6497807,111823504,2324055087
2025-08-26,ARKB,4322019,112541755,2328377106
2025-08-27,ARKB,6466617,113782990,2334843723
2025-08-28,ARKB,3991928,109841909,2338835651
2025-08-29,ARKB,3625172,108921103,2342460823
2025-09-01,ARKB,4447023,108859773,2346907846
2025-09-02,ARKB,8844564,112625104,2355752410
2025-09-03,ARKB,2975110,111862692,2358727520
2025-09-04,ARKB,1906568,108396226,2360634088
2025-09-05,ARKB,1752893,103045938,2362386981
2025-09-08,ARKB,7694728,105731609,2370081709
2025-09-09,ARKB,3132196,106558415,2373213905
2025-09-10,ARKB,2656034,106483049,2375869939
2025-09-11,ARKB,4553394,102303242,2380423333
2025-09-12,ARKB,5396510,104553591,2385819843
2025-09-15,ARKB,2355332,101241077,2388175175
2025-09-16,ARKB,4768689,100869792,2392943864
2025-09-17,ARKB,5632513,103771531,2398576377
2025-09-18,ARKB,9076638,105930342,2407653015
2025-09-19,ARKB,5700043,103239326,2413353058
2025-09-22,ARKB,6069691,101865469,2419422749
2025-09-23,ARKB,6901917,102269579,2426324666
2025-09-24,ARKB,8409537,106357097,2434734203
2025-09-25,ARKB,2911667,102802147,2437645870
2024-01-11,BTCO,10325204,0,10325204
2024-01-12,BTCO,11012406,0,21337610
2024-01-13,BTCO,9802938,0,31140548
2024-01-16,BTCO,8052117,0,39192665
2024-01-17,BTCO,5945865,0,45138530
2024-01-18,BTCO,10984798,0,56123328
2024-01-19,BTCO,10797985,0,66921313
2024-01-20,BTCO,5768704,0,72690017
2024-01-23,BTCO,8204538,0,80894555
2024-01-24,BTCO,7822219,0,88716774
2024-01-25,BTCO,6681895,0,95398669
2024-01-26,BTCO,6058367,0,101457036
2024-01-27,BTCO,10607688,0,112064724
2024-01-30,BTCO,7016985,0,119081709
2024-01-31,BTCO,11087979,0,130169688
2024-02-01,BTCO,8757038,0,138926726
2024-02-02,BTCO,7839508,0,146766234
2024-02-03,BTCO,6382653,0,153148887
2024-02-06,BTCO,9939354,0,163088241
2024-02-07,BTCO,13797509,0,176885750
2024-02-08,BTCO,10674224,187559974,187559974
2024-02-09,BTCO,7752519,184987289,195312493
2024-02-10,BTCO,3399728,177374611,198712221
2024-02-13,BTCO,9824458,177396131,208536679
2024-02-14,BTCO,7250497,176594511,215787176
2024-02-15,BTCO,4950801,175599447,220737977
2024-02-16,BTCO,2518729,167133378,223256706
2024-02-17,BTCO,3737550,160072943,226994256
2024-02-20,BTCO,7707382,162011621,234701638
2024-02-21,BTCO,4149019,157956102,238850657
2024-02-22,BTCO,5893675,156027558,244744332
2024-02-23,BTCO,8637849,157983512,253382181
2024-02-24,BTCO,4903737,156828882,258285918
2024-02-27,BTCO,4547685,150768879,262833603
2024-02-28,BTCO,5358850,149110744,268192453
2024-02-29,BTCO,3326732,141349497,271519185
2024-03-01,BTCO,9632738,142225197,281151923
2024-03-02,BTCO,2504474,136890163,283656397
2024-03-05,BTCO,5605146,136112656,289261543
2024-03-06,BTCO,4861208,131034510,294122751
2024-03-07,BTCO,2097498,119334499,296220249
2024-03-08,BTCO,6052132,114712407,302272381
2024-03-09,BTCO,7258607,114218495,309530988
2024-03-11,BTCO,7481675,118300442,317012663
2024-03-12,BTCO,6190246,114666230,323202909
2024-03-13,BTCO,4380681,111796414,327583590
2024-03-14,BTCO,7955189,114800802,335538779
2024-03-15,BTCO,5755855,118037928,341294634
2024-03-18,BTCO,7962683,122263061,349257317
2024-03-19,BTCO,2463327,117019006,351720644
2024-03-20,BTCO,3361980,116231967,355082624
2024-03-21,BTCO,6601998,116940290,361684622
2024-03-22,BTCO,3209035,111511476,364893657
2024-03-25,BTCO,4485332,111093071,369378989
2024-03-26,BTCO,6156076,112701462,375535065
2024-03-27,BTCO,4091519,111434131,379626584
2024-03-28,BTCO,4322529,112429928,383949113
2024-03-29,BTCO,3275493,106072683,387224606
2024-04-01,BTCO,6614626,110182835,393839232
2024-04-02,BTCO,5723623,110301312,399562855
2024-04-03,BTCO,4055691,109495795,403618546
2024-04-04,BTCO,2465255,109863552,406083801
2024-04-05,BTCO,8177871,111989291,414261672
2024-04-08,BTCO,6452920,111183604,420714592
2024-04-09,BTCO,5298759,109000688,426013351
2024-04-10,BTCO,3506448,106316890,429519799
2024-04-11,BTCO,4219226,106155435,433739025
2024-04-12,BTCO,2584909,100785155,436323934
2024-04-15,BTCO,5483793,100513093,441807727
2024-04-16,BTCO,4098350,96648760,445906077
2024-04-17,BTCO,5049479,99234912,450955556
2024-04-18,BTCO,5484394,101357326,456439950
2024-04-19,BTCO,4662737,99418065,461102687
2024-04-22,BTCO,5485224,101694254,466587911
2024-04-23,BTCO,4212314,101421236,470800225
2024-04-24,BTCO,1549244,96814404,472349469
2024-04-25,BTCO,6027927,98750812,478377396
2024-04-26,BTCO,4161157,98589440,482538553
2024-04-29,BTCO,1869261,97183208,484407814
2024-04-30,BTCO,3425847,93994429,487833661
2024-05-01,BTCO,5623010,93893816,493456671
2024-05-02,BTCO,2838906,92677031,496295577
2024-05-03,BTCO,2137184,92348960,498432761
2024-05-06,BTCO,2593961,86765050,501026722
2024-05-07,BTCO,1896369,82208499,502923091
2024-05-08,BTCO,3392965,80302705,506316056
2024-05-09,BTCO,2659203,79455460,508975259
2024-05-10,BTCO,6791719,82027953,515766978
2024-05-13,BTCO,3999162,83442206,519766140
2024-05-14,BTCO,2938911,80897324,522705051
2024-05-15,BTCO,4142560,80941534,526847611
2024-05-16,BTCO,3481338,79373393,530328949
2024-05-17,BTCO,6189798,80078797,536518747
2024-05-20,BTCO,6370679,81786739,542889426
2024-05-21,BTCO,2612721,78914236,545502147
2024-05-22,BTCO,3511674,78213596,549013821
2024-05-23,BTCO,6228444,82892796,555242265
2024-05-24,BTCO,5542298,82407167,560784563
2024-05-27,BTCO,1688838,79934848,562473401
2024-05-28,BTCO,6206524,84272111,568679925
2024-05-29,BTCO,5234981,86081245,573914906
2024-05-30,BTCO,3568101,84026336,577483007
2024-05-31,BTCO,3273289,84460719,580756296
2024-06-03,BTCO,2899473,85223008,583655769
2024-06-04,BTCO,2384807,85013854,586040576
2024-06-05,BTCO,2977291,86094776,589017867
2024-06-06,BTCO,3148526,85850337,592166393
2024-06-07,BTCO,4453172,87644306,596619565
2024-06-10,BTCO,5042697,85895284,601662262
2024-06-11,BTCO,7628672,89524794,609290934
2024-06-12,BTCO,2369293,88955176,611660227
2024-06-13,BTCO,4531772,89344388,616191999
2024-06-14,BTCO,3032903,88895953,619224902
2024-06-17,BTCO,2249404,84955559,621474306
2024-06-18,BTCO,3993822,82578702,625468128
2024-06-19,BTCO,3656860,83622841,629124988
2024-06-20,BTCO,3646875,83758042,632771863
2024-06-21,BTCO,2503835,80033433,635275698
2024-06-24,BTCO,1863810,76354945,637139508
2024-06-25,BTCO,3378902,78045009,640518410
2024-06-26,BTCO,2382903,74221388,642901313
2024-06-27,BTCO,2853334,71839741,645754647
2024-06-28,BTCO,3584786,71856426,649339433
2024-07-01,BTCO,5824322,74407459,655163755
2024-07-02,BTCO,3542329,75050315,658706084
2024-07-03,BTCO,2253764,74919272,660959848
2024-07-04,BTCO,1639547,73581528,662599395
2024-07-05,BTCO,5689033,76122035,668288428
2024-07-08,BTCO,3188210,74857073,671476638
2024-07-09,BTCO,5056183,74870559,676532821
2024-07-10,BTCO,4491979,71733866,681024800
2024-07-11,BTCO,4948308,74312881,685973108
2024-07-12,BTCO,5668119,75449228,691641227
2024-07-15,BTCO,2040322,74456647,693681549
2024-07-16,BTCO,4272577,76479820,697954126
2024-07-17,BTCO,1498755,73984753,699452881
2024-07-18,BTCO,6036289,76364182,705489170
2024-07-19,BTCO,5603653,78320960,711092823
2024-07-22,BTCO,2560620,78377745,713653443
2024-07-23,BTCO,5073630,81587565,718727073
2024-07-24,BTCO,2075985,80284648,720803058
2024-07-25,BTCO,2335919,80237664,723138977
2024-07-26,BTCO,4532359,81916689,727671336
2024-07-29,BTCO,5163640,83495543,732834976
2024-07-30,BTCO,3706197,81377418,736541173
2024-07-31,BTCO,6303113,84138202,742844286
2024-08-01,BTCO,3883317,85767755,746727603
2024-08-02,BTCO,2822653,86950861,749550256
2024-08-05,BTCO,4569864,85831692,754120120
2024-08-06,BTCO,2248933,84892415,756369053
2024-08-07,BTCO,5311002,85147234,761680055
2024-08-08,BTCO,1653729,82308984,763333784
2024-08-09,BTCO,3525267,80885943,766859051
2024-08-12,BTCO,2890337,78108161,769749388
2024-08-13,BTCO,5152034,81219873,774901422
2024-08-14,BTCO,2691782,79639078,777593204
2024-08-15,BTCO,3976960,82117283,781570164
2024-08-16,BTCO,3487343,79568337,785057507
2024-08-19,BTCO,3115751,77080435,788173258
2024-08-20,BTCO,6452821,80972636,794626079
2024-08-21,BTCO,4084129,79983135,798710208
2024-08-22,BTCO,2357560,80264710,801067768
2024-08-23,BTCO,4600694,82529485,805668462
2024-08-26,BTCO,2379652,80376778,808048114
2024-08-27,BTCO,4090778,79303916,812138892
2024-08-28,BTCO,1442828,77040547,813581720
2024-08-29,BTCO,1781108,72518542,815362828
2024-08-30,BTCO,4897037,73532262,820259865
2024-09-02,BTCO,5076620,75786229,825336485
2024-09-03,BTCO,4200042,75416407,829536527
2024-09-04,BTCO,2478186,75645660,832014713
2024-09-05,BTCO,6438088,76772746,838452801
2024-09-06,BTCO,1735321,76854338,840188122
2024-09-09,BTCO,3938195,77267266,844126317
2024-09-10,BTCO,2208325,76585254,846334642
2024-09-11,BTCO,1913376,73346596,848248018
2024-09-12,BTCO,5576761,76231575,853824779
2024-09-13,BTCO,2493446,74748061,856318225
2024-09-16,BTCO,2549027,73809745,858867252
2024-09-17,BTCO,6809002,77502996,865676254
2024-09-18,BTCO,2065307,73115482,867741561
2024-09-19,BTCO,5854650,74886003,873596211
2024-09-20,BTCO,1729831,74258274,875326042
2024-09-23,BTCO,5020998,74678578,880347040
2024-09-24,BTCO,5772834,78071760,886119874
2024-09-25,BTCO,4954914,78935896,891074788
2024-09-26,BTCO,1812145,79305213,892886933
2024-09-27,BTCO,4179184,81703289,897066117
2024-09-30,BTCO,4888355,81694607,901954472
2024-10-01,BTCO,3479865,80097852,905434337
2024-10-02,BTCO,3139437,79037247,908573774
2024-10-03,BTCO,5522150,82081211,914095924
2024-10-04,BTCO,3832506,79475629,917928430
2024-10-07,BTCO,1830628,79570936,919759058
2024-10-08,BTCO,3676355,79309096,923435413
2024-10-09,BTCO,3156301,80257072,926591714
2024-10-10,BTCO,4168930,82512626,930760644
2024-10-11,BTCO,2794016,79729881,933554660
2024-10-14,BTCO,3678792,80915227,937233452
2024-10-15,BTCO,4005656,82371856,941239108
2024-10-16,BTCO,3307239,78870093,944546347
2024-10-17,BTCO,3914915,80719701,948461262
2024-10-18,BTCO,5285679,80150730,953746941
2024-10-21,BTCO,3677399,82098298,957424340
2024-10-22,BTCO,4788070,81865370,962212410
2024-10-23,BTCO,3687946,79780482,965900356
2024-10-24,BTCO,2039424,76864992,967939780
2024-10-25,BTCO,4727161,79780008,972666941
2024-10-28,BTCO,1794463,77395287,974461404
2024-10-29,BTCO,3856423,76363355,978317827
2024-10-30,BTCO,5746662,78630152,984064489
2024-10-31,BTCO,3946484,79437199,988010973
2024-11-01,BTCO,1948991,75864040,989959964
2024-11-05,BTCO,2712784,74744318,992672748
2024-11-06,BTCO,4105346,77019036,996778094
2024-11-07,BTCO,4062528,77405209,1000840622
2024-11-08,BTCO,3640733,77889641,1004481355
2024-11-09,BTCO,3226919,76947630,1007708274
2024-11-12,BTCO,3354155,77507769,1011062429
2024-11-13,BTCO,1590022,75418999,1012652451
2024-11-14,BTCO,3677613,75090956,1016330064
2024-11-15,BTCO,5286795,77070512,1021616859
2024-11-16,BTCO,7419910,80575507,1029036769
2024-11-19,BTCO,4573225,79863053,1033609994
2024-11-20,BTCO,4996545,81182199,1038606539
2024-11-21,BTCO,5502410,81896539,1044108949
2024-11-22,BTCO,2757998,80966591,1046866947
2024-11-23,BTCO,4207430,83134597,1051074377
2024-11-26,BTCO,5231281,83638717,1056305658
2024-11-27,BTCO,1966420,83810674,1058272078
2024-11-28,BTCO,7490001,87444252,1065762079
2024-11-29,BTCO,5155152,86852742,1070917231
2024-11-30,BTCO,6178261,89084519,1077095492
2024-12-03,BTCO,6651740,93787268,1083747232
2024-12-04,BTCO,1964219,93038703,1085711451
2024-12-05,BTCO,2085876,91019233,1087797327
2024-12-06,BTCO,3551799,90508504,1091349126
2024-12-07,BTCO,2517299,89385070,1093866425
2024-12-10,BTCO,3012732,89170883,1096879157
2024-12-11,BTCO,2780891,88597619,1099660048
2024-12-12,BTCO,2078605,89086202,1101738653
2024-12-13,BTCO,3691136,89099725,1105429789
2024-12-14,BTCO,3662642,87475572,1109092431
2024-12-17,BTCO,2250877,82306539,1111343308
2024-12-18,BTCO,2318318,80051632,1113661626
2024-12-19,BTCO,3073747,78128834,1116735373
2024-12-20,BTCO,7458020,80084444,1124193393
2024-12-21,BTCO,2991369,80317815,1127184762
2024-12-24,BTCO,2787913,78898298,1129972675
2024-12-25,BTCO,4646609,78313626,1134619284
2024-12-26,BTCO,3548195,79895401,1138167479
2024-12-27,BTCO,2635167,75040567,1140802646
2024-12-28,BTCO,5540018,75425433,1146342664
2024-12-31,BTCO,3521689,72768861,1149864353
2025-01-01,BTCO,3421033,69538154,1153285386
2025-01-02,BTCO,6284694,73858629,1159570080
2025-01-03,BTCO,2008639,73781392,1161578719
2025-01-04,BTCO,1852022,72081615,1163430741
2025-01-07,BTCO,4201154,73765470,1167631895
2025-01-08,BTCO,1415250,72167988,1169047145
2025-01-09,BTCO,2435148,71822245,1171482293
2025-01-10,BTCO,3161360,72905000,1174643653
2025-01-11,BTCO,6227395,75441259,1180871048
2025-01-14,BTCO,5344264,77122881,1186215312
2025-01-15,BTCO,3336667,78208671,1189551979
2025-01-16,BTCO,4707850,80598203,1194259829
2025-01-17,BTCO,5958348,83482804,1200218177
2025-01-18,BTCO,3669470,79694254,1203887647
2025-01-21,BTCO,5333063,82035948,1209220710
2025-01-22,BTCO,2760349,82008384,1211981059
2025-01-23,BTCO,3978144,81339919,1215959203
2025-01-24,BTCO,3439922,81231646,1219399125
2025-01-25,BTCO,3834892,82431371,1223234017
2025-01-28,BTCO,4766001,81657354,1228000018
2025-01-29,BTCO,3939396,82075061,1231939414
2025-01-30,BTCO,2217997,80872025,1234157411
2025-01-31,BTCO,4453872,79041203,1238611283
2025-02-01,BTCO,4711930,81744494,1243323213
2025-02-04,BTCO,4355167,84247639,1247678380
2025-02-05,BTCO,6492556,86539041,1254170936
2025-02-06,BTCO,1754889,86878680,1255925825
2025-02-07,BTCO,4464469,88908001,1260390294
2025-02-08,BTCO,5356590,91103231,1265746884
2025-02-11,BTCO,7844156,92719992,1273591040
2025-02-12,BTCO,5188182,92563910,1278779222
2025-02-13,BTCO,4992174,94219417,1283771396
2025-02-14,BTCO,3094089,92605656,1286865485
2025-02-15,BTCO,3213923,89861231,1290079408
2025-02-18,BTCO,3683501,89875262,1293762909
2025-02-19,BTCO,2261969,86804168,1296024878
2025-02-20,BTCO,5726295,89770114,1301751173
2025-02-21,BTCO,3326935,89118905,1305078108
2025-02-22,BTCO,4719250,90398233,1309797358
2025-02-25,BTCO,2327553,88890894,1312124911
2025-02-26,BTCO,4883666,89008559,1317008577
2025-02-27,BTCO,4832374,89901537,1321840951
2025-02-28,BTCO,2813752,90497292,1324654703
2025-03-01,BTCO,5392997,91436417,1330047700
2025-03-04,BTCO,4432908,91157395,1334480608
2025-03-05,BTCO,5141207,91943435,1339621815
2025-03-06,BTCO,5354320,90805199,1344976135
2025-03-07,BTCO,5465403,94515713,1350441538
2025-03-08,BTCO,2363496,92414740,1352805034
2025-03-10,BTCO,5129335,92187485,1357934369
2025-03-11,BTCO,4545494,88888823,1362479863
2025-03-12,BTCO,5423920,89124561,1367903783
2025-03-13,BTCO,3197833,87330220,1371101616
2025-03-14,BTCO,5397953,89634084,1376499569
2025-03-17,BTCO,4270689,90690850,1380770258
2025-03-18,BTCO,4978292,91985641,1385748550
2025-03-19,BTCO,2761083,92484755,1388509633
2025-03-20,BTCO,5152930,91911390,1393662563
2025-03-21,BTCO,1531533,90115988,1395194096
2025-03-24,BTCO,4537005,89933743,1399731101
2025-03-25,BTCO,3110203,90716393,1402841304
2025-03-26,BTCO,1191935,87024662,1404033239
2025-03-27,BTCO,6506428,88698716,1410539667
2025-03-28,BTCO,1701709,87586673,1412241376
2025-03-31,BTCO,4894132,87087808,1417135508
2025-04-01,BTCO,2084194,84739094,1419219702
2025-04-02,BTCO,1779223,81377110,1420998925
2025-04-03,BTCO,2524914,78547704,1423523839
2025-04-04,BTCO,3785657,76867958,1427309496
2025-04-07,BTCO,3617920,78122382,1430927416
2025-04-08,BTCO,3226008,76219055,1434153424
2025-04-09,BTCO,2686513,74360074,1436839937
2025-04-10,BTCO,4417834,73353988,1441257771
2025-04-11,BTCO,1441537,71597692,1442699308
2025-04-14,BTCO,2918232,69117971,1445617540
2025-04-15,BTCO,6321559,71168841,1451939099
2025-04-16,BTCO,2722297,68912846,1454661396
2025-04-17,BTCO,6334315,72486078,1460995711
2025-04-18,BTCO,2340720,69673868,1463336431
2025-04-21,BTCO,2086551,70228886,1465422982
2025-04-22,BTCO,5664852,71356733,1471087834
2025-04-23,BTCO,4873233,73119763,1475961067
2025-04-24,BTCO,1654937,73582765,1477616004
2025-04-25,BTCO,1785385,68861722,1479401389
2025-04-28,BTCO,4393633,71553646,1483795022
2025-04-29,BTCO,3942930,70602444,1487737952
2025-04-30,BTCO,2830935,71349185,1490568887
2025-05-01,BTCO,2106264,71676226,1492675151
2025-05-02,BTCO,5629186,74780498,1498304337
2025-05-05,BTCO,8130351,79125192,1506434688
2025-05-06,BTCO,5675670,81182942,1512110358
2025-05-07,BTCO,6940448,84897382,1519050806
2025-05-08,BTCO,6222039,88432908,1525272845
2025-05-09,BTCO,1758048,85773122,1527030893
2025-05-12,BTCO,2349651,86681236,1529380544
2025-05-13,BTCO,6303805,90066809,1535684349
2025-05-14,BTCO,4212569,87957819,1539896918
2025-05-15,BTCO,5212074,90447596,1545108992
2025-05-16,BTCO,4201112,88314393,1549310104
2025-05-19,BTCO,5469446,91443119,1554779550
2025-05-20,BTCO,3678690,93035258,1558458240
2025-05-21,BTCO,5579476,92949882,1564037716
2025-05-22,BTCO,3902177,91978826,1567939893
2025-05-23,BTCO,6211508,96535397,1574151401
2025-05-26,BTCO,4414847,99164859,1578566248
2025-05-27,BTCO,2667230,97438456,1581233478
2025-05-28,BTCO,4348127,97843653,1585581605
2025-05-29,BTCO,6609031,101621749,1592190636
2025-05-30,BTCO,3216420,102731905,1595407056
2025-06-02,BTCO,2772334,99875053,1598179390
2025-06-03,BTCO,5654575,97399277,1603833965
2025-06-04,BTCO,3580849,95304456,1607414814
2025-06-05,BTCO,4122467,92486475,1611537281
2025-06-06,BTCO,6801766,93066202,1618339047
2025-06-09,BTCO,1878668,93186822,1620217715
2025-06-10,BTCO,2950189,93787360,1623167904
2025-06-11,BTCO,4621600,92105155,1627789504
2025-06-12,BTCO,7528737,95421323,1635318241
2025-06-13,BTCO,2425298,92634547,1637743539
2025-06-16,BTCO,3458552,91891987,1641202091
2025-06-17,BTCO,6677501,93100042,1647879592
2025-06-18,BTCO,4946089,94367441,1652825681
2025-06-19,BTCO,3843569,92631534,1656669250
2025-06-20,BTCO,3791831,92521188,1660461081
2025-06-23,BTCO,1631950,87941630,1662093031
2025-06-24,BTCO,2931070,86457853,1665024101
2025-06-25,BTCO,2674356,86464979,1667698457
2025-06-26,BTCO,2597463,84714315,1670295920
2025-06-27,BTCO,3609655,81714939,1673905575
2025-06-30,BTCO,3849859,82348378,1677755434
2025-07-01,BTCO,6171063,85747107,1683926497
2025-07-02,BTCO,5324149,85416681,1689250646
2025-07-03,BTCO,2126319,83962151,1691376965
2025-07-04,BTCO,3814457,83654141,1695191422
2025-07-07,BTCO,6552881,83405256,1701744303
2025-07-08,BTCO,2460281,83986869,1704204584
2025-07-09,BTCO,3552897,84589577,1707757481
2025-07-10,BTCO,5849890,85817867,1713607371
2025-07-11,BTCO,5413467,83702597,1719020838
2025-07-14,BTCO,2839259,84116558,1721860097
2025-07-15,BTCO,7661010,88319016,1729521107
2025-07-16,BTCO,2211566,83853081,1731732673
2025-07-17,BTCO,2940510,81847502,1734673183
2025-07-18,BTCO,5396373,83400306,1740069556
2025-07-21,BTCO,5681910,85290385,1745751466
2025-07-22,BTCO,3910622,87569057,1749662088
2025-07-23,BTCO,2735058,87373045,1752397146
2025-07-24,BTCO,2391549,87090238,1754788695
2025-07-25,BTCO,4277781,88770556,1759066476
2025-07-28,BTCO,4837213,89998114,1763903689
2025-07-29,BTCO,4387080,90535335,1768290769
2025-07-30,BTCO,4652040,89016312,1772942809
2025-07-31,BTCO,6176878,89869041,1779119687
2025-08-01,BTCO,2428827,90171549,1781548514
2025-08-04,BTCO,4652764,91009856,1786201278
2025-08-05,BTCO,4165774,88622749,1790367052
2025-08-06,BTCO,2165179,88327647,1792532231
2025-08-07,BTCO,4068394,88843144,1796600625
2025-08-08,BTCO,6063155,89056409,1802663780
2025-08-11,BTCO,2562345,86205287,1805226125
2025-08-12,BTCO,2719657,86085685,1807945782
2025-08-13,BTCO,4783061,83207736,1812728843
2025-08-14,BTCO,3497793,84493963,1816226636
2025-08-15,BTCO,3176735,84730188,1819403371
2025-08-18,BTCO,2177212,81511027,1821580583
2025-08-19,BTCO,6245692,82074809,1827826275
2025-08-20,BTCO,5493120,83657307,1833319395
2025-08-21,BTCO,5899225,86821474,1839218620
2025-08-22,BTCO,3135769,87565694,1842354389
2025-08-25,BTCO,5230951,88518864,1847585340
2025-08-26,BTCO,6103191,89784842,1853688531
2025-08-27,BTCO,3123786,88521548,1856812317
2025-08-28,BTCO,4910890,88780398,1861723207
2025-08-29,BTCO,4362519,86966039,1866085726
2025-09-01,BTCO,2357463,86894675,1868443189
2025-09-02,BTCO,3601580,85843491,1872044769
2025-09-03,BTCO,2659320,84337037,1874704089
2025-09-04,BTCO,1585127,83756985,1876289216
2025-09-05,BTCO,6355929,86044520,1882645145
2025-09-08,BTCO,3945383,83926748,1886590528
2025-09-09,BTCO,3369527,84733930,1889960055
2025-09-10,BTCO,4102084,86116357,1894062139
2025-09-11,BTCO,5373401,86706697,1899435540
2025-09-12,BTCO,5565517,88774421,1905001057
2025-09-15,BTCO,4660067,90257753,1909661124
2025-09-16,BTCO,4061939,92142480,1913723063
2025-09-17,BTCO,4583290,90480078,1918306353
2025-09-18,BTCO,2980293,87967251,1921286646
2025-09-19,BTCO,3009835,85077861,1924296481
2025-09-22,BTCO,4852766,86794858,1929149247
2025-09-23,BTCO,2503559,84067466,1931652806
2025-09-24,BTCO,6493674,84457949,1938146480
2025-09-25,BTCO,4366787,85700950,1942513267
2024-01-11,HODL,2204320,0,2204320
2024-01-12,HODL,3547953,0,5752273
2024-01-13,HODL,3390496,0,9142769
2024-01-16,HODL,2900553,0,12043322
2024-01-17,HODL,3082076,0,15125398
2024-01-18,HODL,4639081,0,19764479
2024-01-19,HODL,3744818,0,23509297
2024-01-20,HODL,3706946,0,27216243
2024-01-23,HODL,4772335,0,31988578
2024-01-24,HODL,4897040,0,36885618
2024-01-25,HODL,4176849,0,41062467
2024-01-26,HODL,4533335,0,45595802
2024-01-27,HODL,6282938,0,51878740
2024-01-30,HODL,3356408,0,55235148
2024-01-31,HODL,5780062,0,61015210
2024-02-01,HODL,4457367,0,65472577
2024-02-02,HODL,7032501,0,72505078
2024-02-03,HODL,2217696,0,74722774
2024-02-06,HODL,3616359,0,78339133
2024-02-07,HODL,3132208,0,81471341
2024-02-08,HODL,5004710,86476051,86476051
2024-02-09,HODL,2619739,86891470,89095790
2024-02-10,HODL,2405337,85748854,91501127
2024-02-13,HODL,3284972,85643330,94786099
2024-02-14,HODL,2165680,84908457,96951779
2024-02-15,HODL,2494579,84320960,99446358
2024-02-16,HODL,4080051,83761930,103526409
2024-02-17,HODL,3459648,83476760,106986057
2024-02-20,HODL,4636445,84406259,111622502
2024-02-21,HODL,3455036,83088960,115077538
2024-02-22,HODL,3063108,81255028,118140646
2024-02-23,HODL,3601130,80679309,121741776
2024-02-24,HODL,1935209,78081183,123676985
2024-02-27,HODL,2031260,73829505,125708245
2024-02-28,HODL,2802321,73275418,128510566
2024-02-29,HODL,3379873,70875229,131890439
2024-03-01,HODL,1406403,67824265,133296842
2024-03-02,HODL,1533854,62325618,134830696
2024-03-05,HODL,1006615,61114537,135837311
2024-03-06,HODL,3167827,60666005,139005138
2024-03-07,HODL,1131168,58664965,140136306
2024-03-08,HODL,3194496,56854751,143330802
2024-03-09,HODL,2163088,56398100,145493890
2024-03-11,HODL,1542573,55535336,147036463
2024-03-12,HODL,1586487,53836851,148622950
2024-03-13,HODL,1953173,53624344,150576123
2024-03-14,HODL,2557786,53687551,153133909
2024-03-15,HODL,4426526,54034026,157560435
2024-03-18,HODL,1869840,52444218,159430275
2024-03-19,HODL,4361108,52168881,163791383
2024-03-20,HODL,1462858,50176703,165254241
2024-03-21,HODL,1791965,48905560,167046206
2024-03-22,HODL,4094483,49398913,171140689
2024-03-25,HODL,1579017,49042721,172719706
2024-03-26,HODL,3548916,50560377,176268622
2024-03-27,HODL,3297998,51056054,179566620
2024-03-28,HODL,1152994,48829175,180719614
2024-03-29,HODL,3394361,50817133,184113975
2024-04-01,HODL,2660113,51943392,186774088
2024-04-02,HODL,2132251,53069028,188906339
2024-04-03,HODL,2973925,52875126,191880264
2024-04-04,HODL,3660137,55404095,195540401
2024-04-05,HODL,2787499,54997098,198327900
2024-04-08,HODL,5029709,57863719,203357609
2024-04-09,HODL,1889316,58210462,205246925
2024-04-10,HODL,1731751,58355726,206978676
2024-04-11,HODL,1650798,58053351,208629474
2024-04-12,HODL,1984234,57479799,210613708
2024-04-15,HODL,900808,53954081,211514516
2024-04-16,HODL,1333981,53418222,212848497
2024-04-17,HODL,1862080,50919194,214710577
2024-04-18,HODL,1264716,50721052,215975293
2024-04-19,HODL,2556612,51485699,218531905
2024-04-22,HODL,1859097,49250313,220391002
2024-04-23,HODL,2483165,50154461,222874167
2024-04-24,HODL,2491732,49097277,225365899
2024-04-25,HODL,1557024,47356303,226922923
2024-04-26,HODL,852756,47056065,227775679
2024-04-29,HODL,1674126,45335830,229449805
2024-04-30,HODL,1452971,44128688,230902776
2024-05-01,HODL,1462697,43459134,232365473
2024-05-02,HODL,3209073,43694282,235574546
2024-05-03,HODL,1658064,41692209,237232610
2024-05-06,HODL,2200072,41104782,239432682
2024-05-07,HODL,3176770,39251843,242609452
2024-05-08,HODL,1846343,39208870,244455795
2024-05-09,HODL,1073487,38550606,245529282
2024-05-10,HODL,2344577,39244385,247873859
2024-05-13,HODL,1609479,38869630,249483338
2024-05-14,HODL,1417879,39386701,250901217
2024-05-15,HODL,1488780,39541500,252389997
2024-05-16,HODL,2832474,40511894,255222471
2024-05-17,HODL,814471,40061649,256036942
2024-05-20,HODL,1802021,39307058,257838963
2024-05-21,HODL,1422545,38870506,259261508
2024-05-22,HODL,972883,37360224,260234391
2024-05-23,HODL,2216827,37085319,262451218
2024-05-24,HODL,2128784,37657079,264580002
2024-05-27,HODL,1427446,38231769,266007448
2024-05-28,HODL,1721942,38279585,267729390
2024-05-29,HODL,1166049,37992663,268895439
2024-05-30,HODL,3074671,39604637,271970110
2024-05-31,HODL,1475456,37871020,273445566
2024-06-03,HODL,2111591,38324547,275557157
2024-06-04,HODL,1327407,37451882,276884564
2024-06-05,HODL,2185528,36460640,279070092
2024-06-06,HODL,1177013,35791310,280247105
2024-06-07,HODL,1679439,36397262,281926544
2024-06-10,HODL,3789440,37842125,285715984
2024-06-11,HODL,2586178,38818824,288302162
2024-06-12,HODL,1453737,38854682,289755899
2024-06-13,HODL,2912121,40278023,292668020
2024-06-14,HODL,1595600,39041149,294263620
2024-06-17,HODL,2177806,40404484,296441426
2024-06-18,HODL,1121036,39723499,297562462
2024-06-19,HODL,3225747,41526701,300788209
2024-06-20,HODL,3478630,44032448,304266839
2024-06-21,HODL,1873005,43688626,306139844
2024-06-24,HODL,1911688,43471530,308051532
2024-06-25,HODL,1078908,43122992,309130440
2024-06-26,HODL,1582518,42983568,310712958
2024-06-27,HODL,1562457,43379976,312275415
2024-06-28,HODL,1603925,41909230,313879340
2024-07-01,HODL,1388221,41821995,315267561
2024-07-02,HODL,1638647,41349051,316906208
2024-07-03,HODL,4043954,44065598,320950162
2024-07-04,HODL,3520922,45400992,324471084
2024-07-05,HODL,1816062,46040041,326287146
2024-07-08,HODL,3017885,47378487,329305031
2024-07-09,HODL,2479845,46068892,331784876
2024-07-10,HODL,1056543,44539257,332841419
2024-07-11,HODL,1506127,44591647,334347546
2024-07-12,HODL,2193297,43872823,336540843
2024-07-15,HODL,814309,43091532,337355152
2024-07-16,HODL,869733,41783459,338224885
2024-07-17,HODL,4093399,44755822,342318284
2024-07-18,HODL,2077395,43607470,344395679
2024-07-19,HODL,1908506,42037346,346304185
2024-07-22,HODL,1438251,41602592,347742436
2024-07-23,HODL,1187061,40877965,348929497
2024-07-24,HODL,1074563,40873620,350004060
2024-07-25,HODL,876999,40168101,350881059
2024-07-26,HODL,1990900,40596544,352871959
2024-07-29,HODL,2885521,41878140,355757480
2024-07-30,HODL,2133965,42623884,357891445
2024-07-31,HODL,1170570,42155807,359062015
2024-08-01,HODL,670926,38782779,359732941
2024-08-02,HODL,1564204,36826061,361297145
2024-08-05,HODL,1937744,36947743,363234889
2024-08-06,HODL,1339768,35269626,364574657
2024-08-07,HODL,3180420,35970201,367755077
2024-08-08,HODL,2841595,37755253,370596672
2024-08-09,HODL,2384555,38633681,372981227
2024-08-12,HODL,3101954,39542338,376083181
2024-08-13,HODL,2487404,41215433,378570585
2024-08-14,HODL,2130293,42475993,380700878
2024-08-15,HODL,1735568,40118162,382436446
2024-08-16,HODL,3688553,41729320,386124999
2024-08-19,HODL,2108651,41929465,388233650
2024-08-20,HODL,2294473,42785687,390528123
2024-08-21,HODL,2137369,43735995,392665492
2024-08-22,HODL,1865921,44527353,394531413
2024-08-23,HODL,4003229,47653583,398534642
2024-08-26,HODL,2255893,47918576,400790535
2024-08-27,HODL,2769105,47802160,403559640
2024-08-28,HODL,2658789,48326984,406218429
2024-08-29,HODL,3736812,50893226,409955241
2024-08-30,HODL,1718555,51940855,411673796
2024-09-02,HODL,1433881,51810532,413107677
2024-09-03,HODL,3529146,53401934,416636823
2024-09-04,HODL,3725438,55787604,420362261
2024-09-05,HODL,1103411,53710595,421465672
2024-09-06,HODL,1318101,52187101,422783773
2024-09-09,HODL,2414788,52217334,425198561
2024-09-10,HODL,2901188,52016568,428099749
2024-09-11,HODL,1796591,51325755,429896340
2024-09-12,HODL,3389214,52584676,433285554
2024-09-13,HODL,1743317,52592425,435028871
2024-09-16,HODL,2766277,51670149,437795148
2024-09-17,HODL,2348133,51909631,440143281
2024-09-18,HODL,2582414,52197572,442725695
2024-09-19,HODL,1988112,52048315,444713807
2024-09-20,HODL,1503013,51685407,446216820
2024-09-23,HODL,1566992,49249170,447783812
2024-09-24,HODL,1717636,48710913,449501448
2024-09-25,HODL,1013437,46955245,450514885
2024-09-26,HODL,2045647,46342103,452560532
2024-09-27,HODL,1564754,44170045,454125286
2024-09-30,HODL,1367844,43819334,455493130
2024-10-01,HODL,2473595,44859048,457966725
2024-10-02,HODL,1714665,43044567,459681390
2024-10-03,HODL,2533513,41852642,462214903
2024-10-04,HODL,2770933,43520164,464985836
2024-10-07,HODL,2346534,44548597,467332370
2024-10-08,HODL,1396366,43530175,468728736
2024-10-09,HODL,1287582,41916569,470016318
2024-10-10,HODL,1225606,41345584,471241924
2024-10-11,HODL,1795218,39751588,473037142
2024-10-14,HODL,1216032,39224303,474253174
2024-10-15,HODL,1508651,37966677,475761825
2024-10-16,HODL,2158404,37776948,477920229
2024-10-17,HODL,1985112,37179646,479905341
2024-10-18,HODL,2051861,37243395,481957202
2024-10-21,HODL,2018917,37759299,483976119
2024-10-22,HODL,2362778,38555085,486338897
2024-10-23,HODL,1247844,38085293,487586741
2024-10-24,HODL,3747561,40819417,491334302
2024-10-25,HODL,939536,39713306,492273838
2024-10-28,HODL,3343747,41492299,495617585
2024-10-29,HODL,1125848,41250303,496743433
2024-10-30,HODL,3615391,42392099,500358824
2024-10-31,HODL,1584640,42262074,501943464
2024-11-01,HODL,2114225,41842786,504057689
2024-11-05,HODL,1618158,40690011,505675847
2024-11-06,HODL,847412,39190889,506523259
2024-11-07,HODL,1786662,39581185,508309921
2024-11-08,HODL,1128216,39421819,509438137
2024-11-09,HODL,2044400,40240613,511482537
2024-11-12,HODL,2796334,41241729,514278871
2024-11-13,HODL,3253861,43279558,517532732
2024-11-14,HODL,1450805,43221712,518983537
2024-11-15,HODL,3320060,44383368,522303597
2024-11-16,HODL,2299785,44698041,524603382
2024-11-19,HODL,1154707,43800887,525758089
2024-11-20,HODL,696290,42478260,526454379
2024-11-21,HODL,949912,41065394,527404291
2024-11-22,HODL,2038773,41856323,529443064
2024-11-23,HODL,2250680,40359442,531693744
2024-11-26,HODL,982853,40402759,532676597
2024-11-27,HODL,2877572,39936584,535554169
2024-11-28,HODL,1413479,40224215,536967648
2024-11-29,HODL,885858,37494682,537853506
2024-11-30,HODL,994294,36904336,538847800
2024-12-03,HODL,1585347,36375458,540433147
2024-12-04,HODL,1586602,36343902,542019749
2024-12-05,HODL,1080460,36576950,543100209
2024-12-06,HODL,1187275,35977563,544287484
2024-12-07,HODL,3187714,38037061,547475198
2024-12-10,HODL,2256767,38249428,549731965
2024-12-11,HODL,1022147,36475241,550754112
2024-12-12,HODL,2619714,35841094,553373826
2024-12-13,HODL,1610541,36000830,554984367
2024-12-14,HODL,2076671,34757441,557061038
2024-12-17,HODL,2942353,35400009,560003391
2024-12-18,HODL,1951486,36196788,561954877
2024-12-19,HODL,1426832,36927330,563381709
2024-12-20,HODL,1396409,37373827,564778118
2024-12-21,HODL,1867184,37202238,566645302
2024-12-24,HODL,1146784,36098342,567792086
2024-12-25,HODL,2185130,37300619,569977216
2024-12-26,HODL,2737292,37160339,572714508
2024-12-27,HODL,1756811,37503671,574471319
2024-12-28,HODL,2349974,38967787,576821293
2024-12-31,HODL,1863638,39837131,578684931
2025-01-01,HODL,1405158,39656942,580090089
2025-01-02,HODL,1335906,39406246,581425995
2025-01-03,HODL,2869837,41195623,584295832
2025-01-04,HODL,1503256,41511604,585799088
2025-01-07,HODL,2326735,40650625,588125823
2025-01-08,HODL,2755157,41149015,590880980
2025-01-09,HODL,2237318,42364186,593118298
2025-01-10,HODL,1855071,41599543,594973369
2025-01-11,HODL,2286909,42275911,597260278
2025-01-14,HODL,1071881,41271121,598332159
2025-01-15,HODL,2610292,40939060,600942451
2025-01-16,HODL,2539324,41526898,603481775
2025-01-17,HODL,1174662,41274728,604656437
2025-01-18,HODL,2653777,42532096,607310214
2025-01-21,HODL,1622008,42286920,608932222
2025-01-22,HODL,1210371,42350507,610142593
2025-01-23,HODL,884043,41049420,611026636
2025-01-24,HODL,2051006,40363134,613077642
2025-01-25,HODL,726475,39332798,613804117
2025-01-28,HODL,1259720,38242544,615063837
2025-01-29,HODL,2694547,39073453,617758384
2025-01-30,HODL,1418535,39086830,619176919
2025-01-31,HODL,2134041,39884965,621310960
2025-02-01,HODL,1932298,38947426,623243258
2025-02-04,HODL,2652474,40096644,625895732
2025-02-05,HODL,2451977,40221886,628347709
2025-02-06,HODL,1009672,38476401,629357381
2025-02-07,HODL,1262611,37501694,630619992
2025-02-08,HODL,3708807,39355430,634328799
2025-02-11,HODL,1695165,38763686,636023964
2025-02-12,HODL,1599212,39291017,637623176
2025-02-13,HODL,1807520,38488245,639430696
2025-02-14,HODL,2676351,38625272,642107047
2025-02-15,HODL,1800096,39250706,643907143
2025-02-18,HODL,856435,37453364,644763578
2025-02-19,HODL,3134763,38966119,647898341
2025-02-20,HODL,1997788,39753536,649896129
2025-02-21,HODL,2088382,40957875,651984511
2025-02-22,HODL,1248574,40155443,653233085
2025-02-25,HODL,2354733,41783701,655587818
2025-02-26,HODL,1385429,41909410,656973247
2025-02-27,HODL,2462377,41677240,659435624
2025-02-28,HODL,2774487,43033192,662210111
2025-03-01,HODL,820654,41719805,663030765
2025-03-04,HODL,2068712,41856219,665099477
2025-03-05,HODL,1393300,40597045,666492777
2025-03-06,HODL,1926795,40071863,668419572
2025-03-07,HODL,2725433,41787624,671145005
2025-03-08,HODL,1091540,41616553,672236545
2025-03-10,HODL,1242253,39149999,673478798
2025-03-11,HODL,2492694,39947528,675971492
2025-03-12,HODL,1289963,39638279,677261455
2025-03-13,HODL,1604901,39435660,678866356
2025-03-14,HODL,1991554,38750863,680857910
2025-03-17,HODL,1312967,38263734,682170877
2025-03-18,HODL,3724938,41132237,685895815
2025-03-19,HODL,2805405,40802879,688701220
2025-03-20,HODL,2114141,40919232,690815361
2025-03-21,HODL,1939421,40770271,692754782
2025-03-24,HODL,1600885,41122582,694355667
2025-03-25,HODL,1241117,40008966,695596784
2025-03-26,HODL,1859524,40483061,697456308
2025-03-27,HODL,1726355,39747039,699182663
2025-03-28,HODL,1948606,38921158,701131269
2025-03-31,HODL,1319473,39419977,702450742
2025-04-01,HODL,1738051,39089316,704188793
2025-04-02,HODL,908143,38604159,705096936
2025-04-03,HODL,2280188,38957552,707377124
2025-04-04,HODL,3869916,40102035,711247040
2025-04-07,HODL,3698512,42709007,714945552
2025-04-08,HODL,1816630,43283384,716762182
2025-04-09,HODL,957027,41747717,717719209
2025-04-10,HODL,2229332,42687086,719948541
2025-04-11,HODL,955410,42037595,720903951
2025-04-14,HODL,2090125,42136166,722994076
2025-04-15,HODL,2225924,43049123,725220000
2025-04-16,HODL,1526309,40850494,726746309
2025-04-17,HODL,2689701,40734790,729436010
2025-04-18,HODL,1428315,40048964,730864325
2025-04-21,HODL,2451933,40561476,733316258
2025-04-22,HODL,1073991,40034582,734390249
2025-04-23,HODL,2021792,40815257,736412041
2025-04-24,HODL,2707135,41662868,739119176
2025-04-25,HODL,2036821,41973334,741155997
2025-04-28,HODL,1219502,41244230,742375499
2025-04-29,HODL,3244048,43168805,745619547
2025-04-30,HODL,709438,42140192,746328985
2025-05-01,HODL,1739505,42971554,748068490
2025-05-02,HODL,1862529,42553895,749931019
2025-05-05,HODL,2717857,41401836,752648876
2025-05-06,HODL,1627360,39330684,754276236
2025-05-07,HODL,2473644,39987698,756749880
2025-05-08,HODL,1453643,40484314,758203523
2025-05-09,HODL,1446417,39701399,759649940
2025-05-12,HODL,2457652,41203641,762107592
2025-05-13,HODL,2277120,41390636,764384712
2025-05-14,HODL,1521619,40686331,765906331
2025-05-15,HODL,2059590,41219612,767965921
2025-05-16,HODL,924377,39454288,768890298
2025-05-19,HODL,1860265,39886238,770750563
2025-05-20,HODL,3105592,40539897,773856155
2025-05-21,HODL,2935670,42401576,776791825
2025-05-22,HODL,2866211,43245995,779658036
2025-05-23,HODL,2715509,43254369,782373545
2025-05-26,HODL,2317115,43534663,784690660
2025-05-27,HODL,3127915,45443076,787818575
2025-05-28,HODL,1896905,44095933,789715480
2025-05-29,HODL,1164285,44550780,790879765
2025-05-30,HODL,3161239,45972514,794041004
2025-06-02,HODL,1162683,45272668,795203687
2025-06-03,HODL,2882684,45437495,798086371
2025-06-04,HODL,2688613,46498748,800774984
2025-06-05,HODL,1268328,45293432,802043312
2025-06-06,HODL,2081449,45921238,804124761
2025-06-09,HODL,1145426,45620247,805270187
2025-06-10,HODL,2365847,45528442,807636034
2025-06-11,HODL,2886777,46138099,810522811
2025-06-12,HODL,2154635,46771115,812677446
2025-06-13,HODL,2590074,47301599,815267520
2025-06-16,HODL,1041813,47419035,816309333
2025-06-17,HODL,1587778,47146548,817897111
2025-06-18,HODL,2499632,46540588,820396743
2025-06-19,HODL,2024648,45629566,822421391
2025-06-20,HODL,1818803,44582158,824240194
2025-06-23,HODL,2113023,43979672,826353217
2025-06-24,HODL,2748234,44410791,829101451
2025-06-25,HODL,1417121,42699997,830518572
2025-06-26,HODL,856510,41659602,831375082
2025-06-27,HODL,1367394,41862711,832742476
2025-06-30,HODL,3274346,41975818,836016822
2025-07-01,HODL,2239174,43052309,838255996
2025-07-02,HODL,1970850,42140475,840226846
2025-07-03,HODL,1592870,41044732,841819716
2025-07-04,HODL,2931665,42708069,844751381
2025-07-07,HODL,2914317,43540937,847665698
2025-07-08,HODL,3222607,45618118,850888305
2025-07-09,HODL,3354990,46607261,854243295
2025-07-10,HODL,2138935,45859419,856382230
2025-07-11,HODL,1698647,45403431,858080877
2025-07-14,HODL,2770640,45583997,860851517
2025-07-15,HODL,1305118,45847302,862156635
2025-07-16,HODL,3223845,47483369,865380480
2025-07-17,HODL,2037312,47021049,867417792
2025-07-18,HODL,1299759,46296160,868717551
2025-07-21,HODL,2394668,46872025,871112219
2025-07-22,HODL,1665479,46424481,872777698
2025-07-23,HODL,2721445,46397692,875499143
2025-07-24,HODL,2215113,47195684,877714256
2025-07-25,HODL,1600662,47939836,879314918
2025-07-28,HODL,1610470,48182912,880925388
2025-07-29,HODL,1182792,46091358,882108180
2025-07-30,HODL,837868,44690052,882946048
2025-07-31,HODL,1358936,44078138,884304984
2025-08-01,HODL,1184638,43669906,885489622
2025-08-04,HODL,1106029,41844270,886595651
2025-08-05,HODL,2536346,41466299,889131997
2025-08-06,HODL,2358490,40602182,891490487
2025-08-07,HODL,2736647,39983839,894227134
2025-08-08,HODL,1365111,39210015,895592245
2025-08-11,HODL,748970,38260338,896341215
2025-08-12,HODL,2469469,37959167,898810684
2025-08-13,HODL,2354023,39008072,901164707
2025-08-14,HODL,2180999,37965226,903345706
2025-08-15,HODL,1537649,37465563,904883355
2025-08-18,HODL,2441354,38607158,907324709
2025-08-19,HODL,3000849,39213339,910325558
2025-08-20,HODL,1699216,39247076,912024774
2025-08-21,HODL,2153777,38679408,914178551
2025-08-22,HODL,1947926,38412221,916126477
2025-08-25,HODL,1451611,38263170,917578088
2025-08-26,HODL,2349764,39002464,919927852
2025-08-27,HODL,2629100,40448772,922556952
2025-08-28,HODL,2831749,42442653,925388701
2025-08-29,HODL,2374337,43458054,927763038
2025-09-01,HODL,1223336,43496752,928986374
2025-09-02,HODL,1055313,43446036,930041687
2025-09-03,HODL,1738809,42648499,931780496
2025-09-04,HODL,1072077,41362086,932852573
2025-09-05,HODL,1963240,40588679,934815813
2025-09-08,HODL,2499769,41723337,937315582
2025-09-09,HODL,1262909,42237276,938578491
2025-09-10,HODL,2843864,42611671,941422355
2025-09-11,HODL,1341229,41598877,942763584
2025-09-12,HODL,2164486,41582364,944928070
2025-09-15,HODL,2241227,42285942,947169297
2025-09-16,HODL,1792252,41636840,948961549
2025-09-17,HODL,915167,39551158,949876716
2025-09-18,HODL,2132715,39984657,952009431
2025-09-19,HODL,2341832,40172712,954351263
2025-09-22,HODL,2234271,40459057,956585534
2025-09-23,HODL,1846092,40853538,958431626
2025-09-24,HODL,3782208,42285982,962213834
2025-09-25,HODL,3216803,42873685,965430637
2024-01-11,BRRR,1897539,0,1897539
2024-01-12,BRRR,1574655,0,3472194
2024-01-13,BRRR,1798593,0,5270787
2024-01-16,BRRR,2752554,0,8023341
2024-01-17,BRRR,2889397,0,10912738
2024-01-18,BRRR,1191993,0,12104731
2024-01-19,BRRR,2557279,0,14662010
2024-01-20,BRRR,1702933,0,16364943
2024-01-23,BRRR,1175542,0,17540485
2024-01-24,BRRR,2572979,0,20113464
2024-01-25,BRRR,2037812,0,22151276
2024-01-26,BRRR,2714620,0,24865896
2024-01-27,BRRR,2232507,0,27098403
2024-01-30,BRRR,1675839,0,28774242
2024-01-31,BRRR,1351941,0,30126183
2024-02-01,BRRR,1452655,0,31578838
2024-02-02,BRRR,1590989,0,33169827
2024-02-03,BRRR,1569960,0,34739787
2024-02-06,BRRR,2873304,0,37613091
2024-02-07,BRRR,1595455,0,39208546
2024-02-08,BRRR,1567152,40775698,40775698
2024-02-09,BRRR,1657168,40535327,42432866
2024-02-10,BRRR,1714144,40674816,44147010
2024-02-13,BRRR,634689,39510912,44781699
2024-02-14,BRRR,1660337,38418695,46442036
2024-02-15,BRRR,2767325,38296623,49209361
2024-02-16,BRRR,2188354,39292984,51397715
2024-02-17,BRRR,1266631,38002336,52664346
2024-02-20,BRRR,699517,36998920,53363863
2024-02-21,BRRR,2372609,38195987,55736472
2024-02-22,BRRR,2000173,37623181,57736645
2024-02-23,BRRR,1512786,37098155,59249431
2024-02-24,BRRR,605188,34988723,59854619
2024-02-27,BRRR,1032229,33788445,60886848
2024-02-28,BRRR,807132,32919738,61693980
2024-02-29,BRRR,1278088,32845885,62972068
2024-03-01,BRRR,1805935,33199165,64778003
2024-03-02,BRRR,1592632,33200808,66370635
2024-03-05,BRRR,2523690,34154538,68894325
2024-03-06,BRRR,657331,31938565,69551656
2024-03-07,BRRR,1506235,31849345,71057891
2024-03-08,BRRR,2045076,32327269,73102967
2024-03-09,BRRR,781410,31451511,73884377
2024-03-11,BRRR,767580,30504947,74651957
2024-03-12,BRRR,1108128,30978386,75760085
2024-03-13,BRRR,967132,30285181,76727217
2024-03-14,BRRR,698283,28216139,77425500
2024-03-15,BRRR,1248975,27276760,78674475
2024-03-18,BRRR,1403606,27413735,80078081
2024-03-19,BRRR,517130,27231348,80595211
2024-03-20,BRRR,1710755,26569494,82305966
2024-03-21,BRRR,1129051,25698372,83435017
2024-03-22,BRRR,2574073,26759659,86009090
2024-03-25,BRRR,724810,26879281,86733900
2024-03-26,BRRR,1048142,26895194,87782042
2024-03-27,BRRR,847455,26935517,88629497
2024-03-28,BRRR,964444,26621873,89593941
2024-03-29,BRRR,1610135,26426073,91204076
2024-04-01,BRRR,1514770,26348211,92718846
2024-04-02,BRRR,1290234,25114755,94009080
2024-04-03,BRRR,1647911,26105335,95656991
2024-04-04,BRRR,1372973,25972073,97029964
2024-04-05,BRRR,1650412,25577409,98680376
2024-04-08,BRRR,966893,25762892,99647269
2024-04-09,BRRR,2532962,27528274,102180231
2024-04-10,BRRR,1549028,27969174,103729259
2024-04-11,BRRR,1153628,28155670,104882887
2024-04-12,BRRR,796186,28253573,105679073
2024-04-15,BRRR,1531876,28536474,107210949
2024-04-16,BRRR,1612910,28745778,108823859
2024-04-17,BRRR,1518681,29747329,110342540
2024-04-18,BRRR,1062170,29098744,111404710
2024-04-19,BRRR,1468894,29438587,112873604
2024-04-22,BRRR,1737774,28602288,114611378
2024-04-23,BRRR,977378,28854856,115588756
2024-04-24,BRRR,1240313,29047027,116829069
2024-04-25,BRRR,423634,28623206,117252703
2024-04-26,BRRR,1058130,28716892,118310833
2024-04-29,BRRR,1757846,28864603,120068679
2024-04-30,BRRR,501577,27851410,120570256
2024-05-01,BRRR,1106730,27667906,121676986
2024-05-02,BRRR,795735,26815730,122472721
2024-05-03,BRRR,578190,26020947,123050911
2024-05-06,BRRR,1524390,25894925,124575301
2024-05-07,BRRR,812486,25740518,125387787
2024-05-08,BRRR,1243216,24450772,126631003
2024-05-09,BRRR,1125363,24027107,127756366
2024-05-10,BRRR,1053130,23926609,128809496
2024-05-13,BRRR,1137886,24268309,129947382
2024-05-14,BRRR,1052581,23789014,130999963
2024-05-15,BRRR,473432,22649536,131473395
2024-05-16,BRRR,612494,21743349,132085889
2024-05-17,BRRR,567018,21248197,132652907
2024-05-20,BRRR,1275710,21055013,133928617
2024-05-21,BRRR,1205554,20522793,135134171
2024-05-22,BRRR,421904,19967319,135556075
2024-05-23,BRRR,656232,19383238,136212307
2024-05-24,BRRR,763339,19722943,136975646
2024-05-27,BRRR,933215,19598028,137908861
2024-05-28,BRRR,1298519,19138701,139207380
2024-05-29,BRRR,919069,19556193,140126449
2024-05-30,BRRR,587354,19036817,140713803
2024-05-31,BRRR,1017191,19258273,141730994
2024-06-03,BRRR,610516,19290599,142341510
2024-06-04,BRRR,763923,18530132,143105433
2024-06-05,BRRR,988095,18705741,144093528
2024-06-06,BRRR,1287177,18749702,145380705
2024-06-07,BRRR,1102670,18727009,146483375
2024-06-10,BRRR,596678,18270557,147080053
2024-06-11,BRRR,1011412,18144083,148091465
2024-06-12,BRRR,1159537,18251039,149251002
2024-06-13,BRRR,1069242,18846849,150320244
2024-06-14,BRRR,1701485,19935840,152021729
2024-06-17,BRRR,757060,20125882,152778789
2024-06-18,BRRR,1188682,20038854,153967471
2024-06-19,BRRR,606587,19439887,154574058
2024-06-20,BRRR,537789,19555772,155111847
2024-06-21,BRRR,1041034,19940574,156152881
2024-06-24,BRRR,772762,19949997,156925643
2024-06-25,BRRR,837426,19854208,157763069
2024-06-26,BRRR,948631,19504320,158711700
2024-06-27,BRRR,1014546,19599797,159726246
2024-06-28,BRRR,1490829,20503272,161217075
2024-07-01,BRRR,667003,20153084,161884078
2024-07-02,BRRR,1394701,20937269,163278779
2024-07-03,BRRR,642359,20815705,163921138
2024-07-04,BRRR,1020251,20847861,164941389
2024-07-05,BRRR,1067987,20628671,166009376
2024-07-08,BRRR,1115475,20641476,167124851
2024-07-09,BRRR,851162,20895960,167976013
2024-07-10,BRRR,1799498,21684046,169775511
2024-07-11,BRRR,384960,20909469,170160471
2024-07-12,BRRR,1070403,20910630,171230874
2024-07-15,BRRR,1935370,21144515,173166244
2024-07-16,BRRR,934421,21321876,174100665
2024-07-17,BRRR,545047,20678241,174645712
2024-07-18,BRRR,1140548,21212202,175786260
2024-07-19,BRRR,1400771,22075184,177187031
2024-07-22,BRRR,1596484,22630634,178783515
2024-07-23,BRRR,1488125,23345997,180271640
2024-07-24,BRRR,841328,23349899,181112968
2024-07-25,BRRR,1381223,23782491,182494191
2024-07-26,BRRR,741096,23509041,183235287
2024-07-29,BRRR,1175337,23193549,184410624
2024-07-30,BRRR,787031,23313577,185197655
2024-07-31,BRRR,1235896,23154772,186433551
2024-08-01,BRRR,462770,22975183,186896321
2024-08-02,BRRR,584582,22539514,187480903
2024-08-05,BRRR,871123,22342650,188352026
2024-08-06,BRRR,328660,21555835,188680686
2024-08-07,BRRR,548698,21253371,189229384
2024-08-08,BRRR,1658133,21112006,190887517
2024-08-09,BRRR,865349,21592395,191752866
2024-08-12,BRRR,1203952,21725944,192956818
2024-08-13,BRRR,1102703,20893277,194059521
2024-08-14,BRRR,833745,20792601,194893266
2024-08-15,BRRR,890279,21137833,195783545
2024-08-16,BRRR,313067,20310352,196096612
2024-08-19,BRRR,1528655,20438236,197625267
2024-08-20,BRRR,518262,19360014,198143529
2024-08-21,BRRR,816695,18688584,198960224
2024-08-22,BRRR,1372993,19220249,200333217
2024-08-23,BRRR,568600,18407626,200901817
2024-08-26,BRRR,1900882,19567412,202802699
2024-08-27,BRRR,374873,18766948,203177572
2024-08-28,BRRR,598526,18578443,203776098
2024-08-29,BRRR,455567,17798114,204231665
2024-08-30,BRRR,742041,18077385,204973706
2024-09-02,BRRR,1233583,18726386,206207289
2024-09-03,BRRR,426568,18281831,206633857
2024-09-04,BRRR,524493,18477664,207158350
2024-09-05,BRRR,551217,18480183,207709567
2024-09-06,BRRR,1403136,18225186,209112703
2024-09-09,BRRR,863365,18223202,209976068
2024-09-10,BRRR,1317009,18336259,211293077
2024-09-11,BRRR,1618544,18852100,212911621
2024-09-12,BRRR,727892,18746247,213639513
2024-09-13,BRRR,938385,18794353,214577898
2024-09-16,BRRR,710072,19191358,215287970
2024-09-17,BRRR,594963,18257666,215882933
2024-09-18,BRRR,981206,18720610,216864139
2024-09-19,BRRR,675859,18579774,217539998
2024-09-20,BRRR,513086,17719867,218053084
2024-09-23,BRRR,1089419,18240686,219142503
2024-09-24,BRRR,732410,17072214,219874913
2024-09-25,BRRR,861700,17559041,220736613
2024-09-26,BRRR,1088196,18048711,221824809
2024-09-27,BRRR,798860,18392004,222623669
2024-09-30,BRRR,812248,18462211,223435917
2024-10-01,BRRR,420746,17649374,223856663
2024-10-02,BRRR,1641651,18864457,225498314
2024-10-03,BRRR,1148488,19488452,226646802
2024-10-04,BRRR,1363184,20300419,228009986
2024-10-07,BRRR,920605,19817888,228930591
2024-10-08,BRRR,1586986,20541509,230517577
2024-10-09,BRRR,1308361,20532861,231825938
2024-10-10,BRRR,1856435,20770752,233682373
2024-10-11,BRRR,696639,20739499,234379012
2024-10-14,BRRR,491760,20292874,234870772
2024-10-15,BRRR,677467,20260269,235548239
2024-10-16,BRRR,551828,20217134,236100067
2024-10-17,BRRR,1608500,20844428,237708567
2024-10-18,BRRR,1666427,21834996,239374994
2024-10-21,BRRR,1352705,22674615,240727699
2024-10-22,BRRR,1407026,22992222,242134725
2024-10-23,BRRR,847737,23107549,242982462
2024-10-24,BRRR,1623954,23869803,244606416
2024-10-25,BRRR,423419,23205026,245029835
2024-10-28,BRRR,1610833,24016999,246640668
2024-10-29,BRRR,1056689,24261440,247697357
2024-10-30,BRRR,1694507,25535201,249391864
2024-10-31,BRRR,966356,24859906,250358220
2024-11-01,BRRR,793122,24504540,251151342
2024-11-05,BRRR,585354,23726710,251736696
2024-11-06,BRRR,1678580,24484685,253415276
2024-11-07,BRRR,574080,23471779,253989356
2024-11-08,BRRR,1589266,23752684,255578622
2024-11-09,BRRR,972486,22868735,256551108
2024-11-12,BRRR,951610,23123706,257502718
2024-11-13,BRRR,879365,23511311,258382083
2024-11-14,BRRR,1681640,24515484,260063723
2024-11-15,BRRR,1292062,25255718,261355785
2024-11-16,BRRR,641700,24288918,261997485
2024-11-19,BRRR,327955,22950446,262325440
2024-11-20,BRRR,456791,22054532,262782231
2024-11-21,BRRR,496271,21143777,263278502
2024-11-22,BRRR,1392429,21688469,264670931
2024-11-23,BRRR,849015,20913530,265519946
2024-11-26,BRRR,1399139,21889250,266919085
2024-11-27,BRRR,1077094,21355511,267996179
2024-11-28,BRRR,792927,21091749,268789106
2024-11-29,BRRR,1093194,20490436,269882300
2024-11-30,BRRR,679560,20203640,270561860
2024-12-03,BRRR,867169,20277687,271429029
2024-12-04,BRRR,1129573,20821906,272558602
2024-12-05,BRRR,399349,19542675,272957951
2024-12-06,BRRR,801540,19770135,273759491
2024-12-07,BRRR,642375,18823244,274401866
2024-12-10,BRRR,809452,18660210,275211318
2024-12-11,BRRR,795173,18503773,276006491
2024-12-12,BRRR,1073193,18697601,277079684
2024-12-13,BRRR,1162027,18177988,278241711
2024-12-14,BRRR,766088,17652014,279007799
2024-12-17,BRRR,781781,17792095,279789580
2024-12-18,BRRR,885349,18349489,280674929
2024-12-19,BRRR,1135276,19027974,281810205
2024-12-20,BRRR,998484,19530187,282808689
2024-12-21,BRRR,2028855,20166613,284837544
2024-12-24,BRRR,698319,20015917,285535863
2024-12-25,BRRR,881674,19498452,286417537
2024-12-26,BRRR,383007,18804365,286800544
2024-12-27,BRRR,772205,18783643,287572749
2024-12-28,BRRR,690142,18380591,288262891
2024-12-31,BRRR,1193167,18894198,289456058
2025-01-01,BRRR,1819810,19846839,291275868
2025-01-02,BRRR,1974079,20691345,293249947
2025-01-03,BRRR,1137221,21429217,294387168
2025-01-04,BRRR,1255353,21883030,295642521
2025-01-07,BRRR,918747,22159402,296561268
2025-01-08,BRRR,1779048,23128998,298340316
2025-01-09,BRRR,882901,23216726,299223217
2025-01-10,BRRR,1726942,23870475,300950159
2025-01-11,BRRR,988077,23696525,301938236
2025-01-14,BRRR,1554407,24484844,303492643
2025-01-15,BRRR,1649457,25352520,305142100
2025-01-16,BRRR,1097156,25564327,306239256
2025-01-17,BRRR,1523995,25953046,307763251
2025-01-18,BRRR,1021744,25976306,308784995
2025-01-21,BRRR,1685606,25633057,310470601
2025-01-22,BRRR,1553511,26488249,312024112
2025-01-23,BRRR,1671054,27277629,313695166
2025-01-24,BRRR,1409196,28303818,315104362
2025-01-25,BRRR,1475719,29007332,316580081
2025-01-28,BRRR,1360856,29678046,317940937
2025-01-29,BRRR,1254482,29739361,319195419
2025-01-30,BRRR,1144092,29063643,320339511
2025-01-31,BRRR,992835,28082399,321332346
2025-02-01,BRRR,958592,27903770,322290938
2025-02-04,BRRR,1756913,28405330,324047851
2025-02-05,BRRR,1069585,28556168,325117436
2025-02-06,BRRR,769026,27546146,325886462
2025-02-07,BRRR,1932131,28595376,327818593
2025-02-08,BRRR,588228,27456662,328406821
2025-02-11,BRRR,1601315,28069900,330008136
2025-02-12,BRRR,704854,27220347,330712990
2025-02-13,BRRR,738342,26309232,331451332
2025-02-14,BRRR,649750,25861826,332101082
2025-02-15,BRRR,778795,25116626,332879877
2025-02-18,BRRR,1823881,25918763,334703758
2025-02-19,BRRR,446612,24679769,335150370
2025-02-20,BRRR,1872314,24998572,337022684
2025-02-21,BRRR,1109033,24436551,338131717
2025-02-22,BRRR,1222565,24249920,339354282
2025-02-25,BRRR,1204631,23978832,340558913
2025-02-26,BRRR,443997,23061973,341002910
2025-02-27,BRRR,1768967,23576458,342771877
2025-02-28,BRRR,1302447,23734813,344074324
2025-03-01,BRRR,1069351,23811329,345143675
2025-03-04,BRRR,1289467,24142204,346433142
2025-03-05,BRRR,1146518,23531809,347579660
2025-03-06,BRRR,1931655,24393879,349511315
2025-03-07,BRRR,1150383,24775236,350661698
2025-03-08,BRRR,666431,23509536,351328129
2025-03-10,BRRR,519939,23441247,351848068
2025-03-11,BRRR,1467217,23307149,353315285
2025-03-12,BRRR,703461,23305756,354018746
2025-03-13,BRRR,1263495,23830909,355282241
2025-03-14,BRRR,1282567,24463726,356564808
2025-03-17,BRRR,508894,24193825,357073702
2025-03-18,BRRR,1454044,23823988,358527746
2025-03-19,BRRR,1379183,24756559,359906929
2025-03-20,BRRR,1866666,24750911,361773595
2025-03-21,BRRR,1057153,24699031,362830748
2025-03-24,BRRR,1344124,24820590,364174872
2025-03-25,BRRR,1145942,24761901,365320814
2025-03-26,BRRR,730367,25048271,366051181
2025-03-27,BRRR,1235438,24514742,367286619
2025-03-28,BRRR,1247446,24459741,368534065
2025-03-31,BRRR,1575093,24965483,370109158
2025-04-01,BRRR,1116085,24792101,371225243
2025-04-02,BRRR,551609,24197192,371776852
2025-04-03,BRRR,914364,23179901,372691216
2025-04-04,BRRR,1885806,23915324,374577022
2025-04-07,BRRR,1518143,24767036,376095165
2025-04-08,BRRR,587694,24834791,376682859
2025-04-09,BRRR,1349432,24717006,378032291
2025-04-10,BRRR,573161,24586706,378605452
2025-04-11,BRRR,561267,23884478,379166719
2025-04-14,BRRR,1294293,23896204,380461012
2025-04-15,BRRR,1515609,24902919,381976621
2025-04-16,BRRR,563196,24012071,382539817
2025-04-17,BRRR,961025,23593913,383500842
2025-04-18,BRRR,567792,22295039,384068634
2025-04-21,BRRR,1082212,22320098,385150846
2025-04-22,BRRR,1380183,22356157,386531029
2025-04-23,BRRR,535681,21745896,387066710
2025-04-24,BRRR,548630,21564159,387615340
2025-04-25,BRRR,919818,21248539,388535158
2025-04-28,BRRR,1127508,21128601,389662666
2025-04-29,BRRR,457268,20010776,390119934
2025-04-30,BRRR,826106,19720797,390946040
2025-05-01,BRRR,1739023,20908211,392685063
2025-05-02,BRRR,887340,20881187,393572403
2025-05-05,BRRR,1561949,20557330,395134352
2025-05-06,BRRR,1468803,20507990,396603155
2025-05-07,BRRR,645238,20565534,397248393
2025-05-08,BRRR,658625,19874727,397907018
2025-05-09,BRRR,1710059,21011625,399617077
2025-05-12,BRRR,1067959,21518317,400685036
2025-05-13,BRRR,584066,20808090,401269102
2025-05-14,BRRR,603572,19896053,401872674
2025-05-15,BRRR,1868867,21201724,403741541
2025-05-16,BRRR,1112462,21353161,404854003
2025-05-19,BRRR,551620,21336989,405405623
2025-05-20,BRRR,987024,21241801,406392647
2025-05-21,BRRR,1542575,21404193,407935222
2025-05-22,BRRR,486794,21355306,408422016
2025-05-23,BRRR,1354348,22161024,409776364
2025-05-26,BRRR,1319015,22560221,411095379
2025-05-27,BRRR,675837,22108550,411771216
2025-05-28,BRRR,1954831,23606113,413726047
2025-05-29,BRRR,841139,23621146,414567186
2025-05-30,BRRR,1476569,23358692,416043755
2025-06-02,BRRR,787199,23258551,416830954
2025-06-03,BRRR,646852,22343454,417477806
2025-06-04,BRRR,602410,21477061,418080216
2025-06-05,BRRR,635931,21467754,418716147
2025-06-06,BRRR,1267189,22076318,419983336
2025-06-09,BRRR,721923,21088182,420705259
2025-06-10,BRRR,743209,20763432,421448468
2025-06-11,BRRR,1106679,21286045,422555147
2025-06-12,BRRR,559543,21242016,423114690
2025-06-13,BRRR,847330,20220479,423962020
2025-06-16,BRRR,522824,19630841,424484844
2025-06-17,BRRR,1632043,20711264,426116887
2025-06-18,BRRR,436054,20160294,426552941
2025-06-19,BRRR,633296,19251015,427186237
2025-06-20,BRRR,389740,19153961,427575977
2025-06-23,BRRR,994763,18794376,428570740
2025-06-24,BRRR,1122204,18597565,429692944
2025-06-25,BRRR,356574,18278302,430049518
2025-06-26,BRRR,1092421,17415892,431141939
2025-06-27,BRRR,1208759,17783512,432350698
2025-06-30,BRRR,750137,17057080,433100835
2025-07-01,BRRR,991561,17261442,434092396
2025-07-02,BRRR,1435482,18050072,435527878
2025-07-03,BRRR,982540,18430202,436510418
2025-07-04,BRRR,816039,18610310,437326457
2025-07-07,BRRR,1395540,18738661,438721997
2025-07-08,BRRR,728064,18744802,439450061
2025-07-09,BRRR,1450967,19452560,440901028
2025-07-10,BRRR,929555,19275436,441830583
2025-07-11,BRRR,563050,19278943,442393633
2025-07-14,BRRR,1573228,20004841,443966861
2025-07-15,BRRR,589923,20071940,444556784
2025-07-16,BRRR,528000,18967897,445084784
2025-07-17,BRRR,1001150,19532993,446085934
2025-07-18,BRRR,434959,19334656,446520893
2025-07-21,BRRR,580687,19525603,447101580
2025-07-22,BRRR,1001665,19532505,448103245
2025-07-23,BRRR,1491998,19902299,449595243
2025-07-24,BRRR,1235377,20781102,450830620
2025-07-25,BRRR,1152776,20841457,451983396
2025-07-28,BRRR,1498996,21131694,453482392
2025-07-29,BRRR,1886795,22268352,455369187
2025-07-30,BRRR,1032651,22309442,456401838
2025-07-31,BRRR,1490810,22364770,457892648
2025-08-01,BRRR,887018,22269248,458779666
2025-08-04,BRRR,1152487,22605696,459932153
2025-08-05,BRRR,1466182,22676338,461398335
2025-08-06,BRRR,443323,22391597,461841658
2025-08-07,BRRR,588959,21529589,462430617
2025-08-08,BRRR,1011858,21611892,463442475
2025-08-11,BRRR,646796,21695638,464089271
2025-08-12,BRRR,670090,20792500,464759361
2025-08-13,BRRR,642483,20845060,465401844
2025-08-14,BRRR,578226,20895286,465980070
2025-08-15,BRRR,556023,20450159,466536093
2025-08-18,BRRR,499886,20515086,467035979
2025-08-19,BRRR,1169962,21104361,468205941
2025-08-20,BRRR,1607541,21710237,469813482
2025-08-21,BRRR,1169698,21387937,470983180
2025-08-22,BRRR,764937,20917497,471748117
2025-08-25,BRRR,913098,20677819,472661215
2025-08-26,BRRR,1470189,20649012,474131404
2025-08-27,BRRR,1463465,20225682,475594869
2025-08-28,BRRR,666600,19859631,476261469
2025-08-29,BRRR,1207558,19576379,477469027
2025-09-01,BRRR,901984,19591345,478371011
2025-09-02,BRRR,1014299,19453157,479385310
2025-09-03,BRRR,580405,18567380,479965715
2025-09-04,BRRR,1286638,19410695,481252353
2025-09-05,BRRR,872260,19693996,482124613
2025-09-08,BRRR,1491301,20173439,483615914
2025-09-09,BRRR,619668,20146311,484235582
2025-09-10,BRRR,535057,20011278,484770639
2025-09-11,BRRR,1064985,20433780,485835624
2025-09-12,BRRR,960779,20816333,486796403
2025-09-15,BRRR,642088,20902398,487438491
2025-09-16,BRRR,785329,21187841,488223820
2025-09-17,BRRR,485197,20503076,488709017
2025-09-18,BRRR,1317143,20212678,490026160
2025-09-19,BRRR,1740451,20783431,491766611
2025-09-22,BRRR,1139112,21157606,492905723
2025-09-23,BRRR,950732,21195240,493856455
2025-09-24,BRRR,614775,20339826,494471230
2025-09-25,BRRR,1037487,19913848,495508717
2024-01-11,EZBC,760491,0,760491
2024-01-12,EZBC,949874,0,1710365
2024-01-13,EZBC,459358,0,2169723
2024-01-16,EZBC,860905,0,3030628
2024-01-17,EZBC,636548,0,3667176
2024-01-18,EZBC,974921,0,4642097
2024-01-19,EZBC,1659583,0,6301680
2024-01-20,EZBC,1209408,0,7511088
2024-01-23,EZBC,589903,0,8100991
2024-01-24,EZBC,1668258,0,9769249
2024-01-25,EZBC,785589,0,10554838
2024-01-26,EZBC,654766,0,11209604
2024-01-27,EZBC,767891,0,11977495
2024-01-30,EZBC,680192,0,12657687
2024-01-31,EZBC,1613857,0,14271544
2024-02-01,EZBC,1090024,0,15361568
2024-02-02,EZBC,1546417,0,16907985
2024-02-03,EZBC,1889757,0,18797742
2024-02-06,EZBC,940834,0,19738576
2024-02-07,EZBC,1244711,0,20983287
2024-02-08,EZBC,1080653,22063940,22063940
2024-02-09,EZBC,628786,21932235,22692726
2024-02-10,EZBC,708974,21691335,23401700
2024-02-13,EZBC,376691,21608668,23778391
2024-02-14,EZBC,750043,21497806,24528434
2024-02-15,EZBC,883896,21745154,25412330
2024-02-16,EZBC,606563,21376796,26018893
2024-02-17,EZBC,799637,20516850,26818530
2024-02-20,EZBC,658770,19966212,27477300
2024-02-21,EZBC,254257,19630566,27731557
2024-02-22,EZBC,419182,18381490,28150739
2024-02-23,EZBC,870413,18466314,29021152
2024-02-24,EZBC,734852,18546400,29756004
2024-02-27,EZBC,506814,18285323,30262818
2024-02-28,EZBC,584390,18189521,30847208
2024-02-29,EZBC,993234,17568898,31840442
2024-03-01,EZBC,528341,17007215,32368783
2024-03-02,EZBC,794743,16255541,33163526
2024-03-05,EZBC,851807,15217591,34015333
2024-03-06,EZBC,527037,14803794,34542370
2024-03-07,EZBC,378717,13937800,34921087
2024-03-08,EZBC,660397,13517544,35581484
2024-03-09,EZBC,395609,13284367,35977093
2024-03-11,EZBC,314788,12890181,36291881
2024-03-12,EZBC,1168432,13681922,37460313
2024-03-13,EZBC,610686,13542565,38070999
2024-03-14,EZBC,943030,13601699,39014029
2024-03-15,EZBC,701292,13696428,39715321
2024-03-18,EZBC,1055621,13952412,40770942
2024-03-19,EZBC,1215946,14509588,41986888
2024-03-20,EZBC,1400125,15655456,43387013
2024-03-21,EZBC,587700,15823974,43974713
2024-03-22,EZBC,454975,15408536,44429688
2024-03-25,EZBC,731817,15405501,45161505
2024-03-26,EZBC,549513,15448200,45711018
2024-03-27,EZBC,621639,15485449,46332657
2024-03-28,EZBC,310565,14802780,46643222
2024-03-29,EZBC,612111,14886550,47255333
2024-04-01,EZBC,662439,14754246,47917772
2024-04-02,EZBC,489551,14391990,48407323
2024-04-03,EZBC,611183,14476136,49018506
2024-04-04,EZBC,361656,14459075,49380162
2024-04-05,EZBC,595980,14394658,49976142
2024-04-08,EZBC,897425,14896474,50873567
2024-04-09,EZBC,695052,15276738,51568619
2024-04-10,EZBC,218382,14326688,51787001
2024-04-11,EZBC,424986,14140988,52211987
2024-04-12,EZBC,422361,13620319,52634348
2024-04-15,EZBC,501339,13420366,53135687
2024-04-16,EZBC,410460,12775205,53546147
2024-04-17,EZBC,571482,12130741,54117629
2024-04-18,EZBC,761935,11492551,54879564
2024-04-19,EZBC,377305,11282156,55256869
2024-04-22,EZBC,758198,11585379,56015067
2024-04-23,EZBC,395818,11249380,56410885
2024-04-24,EZBC,385260,11085127,56796145
2024-04-25,EZBC,412102,10875590,57208247
2024-04-26,EZBC,564620,11129645,57772867
2024-04-29,EZBC,744185,11261719,58517052
2024-04-30,EZBC,554891,11154171,59071943
2024-05-01,EZBC,481304,11145924,59553247
2024-05-02,EZBC,587634,11122375,60140881
2024-05-03,EZBC,672370,11433089,60813251
2024-05-06,EZBC,207196,11044305,61020447
2024-05-07,EZBC,749018,10895898,61769465
2024-05-08,EZBC,259003,10459849,62028468
2024-05-09,EZBC,604517,10845984,62632985
2024-05-10,EZBC,375433,10796431,63008418
2024-05-13,EZBC,857438,11231508,63865856
2024-05-14,EZBC,595943,11326112,64461799
2024-05-15,EZBC,422005,11337657,64883804
2024-05-16,EZBC,476454,11242629,65360258
2024-05-17,EZBC,451653,10932347,65811911
2024-05-20,EZBC,344452,10899494,66156363
2024-05-21,EZBC,315714,10457010,66472077
2024-05-22,EZBC,391578,10452770,66863655
2024-05-23,EZBC,645814,10713324,67509469
2024-05-24,EZBC,575364,10876586,68084833
2024-05-27,EZBC,229063,10541029,68313896
2024-05-28,EZBC,791203,10588047,69105099
2024-05-29,EZBC,393233,10426389,69498332
2024-05-30,EZBC,366130,10311215,69864462
2024-05-31,EZBC,504317,10227898,70368779
2024-06-03,EZBC,415273,9970801,70784052
2024-06-04,EZBC,593544,10357149,71377596
2024-06-05,EZBC,834867,10442998,72212463
2024-06-06,EZBC,605884,10789879,72818347
2024-06-07,EZBC,641366,10826728,73459713
2024-06-10,EZBC,633073,11084368,74092786
2024-06-11,EZBC,585277,10812207,74678063
2024-06-12,EZBC,398884,10615148,75076947
2024-06-13,EZBC,594268,10787411,75671215
2024-06-14,EZBC,369579,10680536,76040794
2024-06-17,EZBC,423679,10652562,76464473
2024-06-18,EZBC,215957,10524067,76680430
2024-06-19,EZBC,809141,11017494,77489571
2024-06-20,EZBC,252681,10878597,77742252
2024-06-21,EZBC,857713,11090496,78599965
2024-06-24,EZBC,186288,10701420,78786253
2024-06-25,EZBC,519934,10992291,79306187
2024-06-26,EZBC,784590,10985678,80090777
2024-06-27,EZBC,520596,11113041,80611373
2024-06-28,EZBC,335349,11082260,80946722
2024-07-01,EZBC,996023,11573966,81942745
2024-07-02,EZBC,533726,11692419,82476471
2024-07-03,EZBC,482458,11581333,82958929
2024-07-04,EZBC,785918,11532384,83744847
2024-07-05,EZBC,931351,11857851,84676198
2024-07-08,EZBC,273889,11490374,84950087
2024-07-09,EZBC,460248,11317549,85410335
2024-07-10,EZBC,617081,11349353,86027416
2024-07-11,EZBC,369263,11319732,86396679
2024-07-12,EZBC,630312,11355776,87026991
2024-07-15,EZBC,584462,11570659,87611453
2024-07-16,EZBC,438594,11585574,88050047
2024-07-17,EZBC,739556,12109173,88789603
2024-07-18,EZBC,568743,11868775,89358346
2024-07-19,EZBC,533365,12149459,89891711
2024-07-22,EZBC,367676,11659422,90259387
2024-07-23,EZBC,661559,12134693,90920946
2024-07-24,EZBC,304007,11918766,91224953
2024-07-25,EZBC,538638,11672814,91763591
2024-07-26,EZBC,407726,11559944,92171317
2024-07-29,EZBC,412402,11636997,92583719
2024-07-30,EZBC,677116,11318090,93260835
2024-07-31,EZBC,573668,11358032,93834503
2024-08-01,EZBC,737510,11613084,94572013
2024-08-02,EZBC,715318,11542484,95287331
2024-08-05,EZBC,550093,11161226,95837424
2024-08-06,EZBC,365308,11252645,96202732
2024-08-07,EZBC,853059,11645456,97055791
2024-08-08,EZBC,417112,11445487,97472903
2024-08-09,EZBC,227221,11303445,97700124
2024-08-12,EZBC,188406,10861539,97888530
2024-08-13,EZBC,245881,10522958,98134411
2024-08-14,EZBC,404917,10489281,98539328
2024-08-15,EZBC,539001,10288726,99078329
2024-08-16,EZBC,574041,10294024,99652370
2024-08-19,EZBC,349704,10110363,100002074
2024-08-20,EZBC,335163,10077850,100337237
2024-08-21,EZBC,510560,9926851,100847797
2024-08-22,EZBC,278311,9901155,101126108
2024-08-23,EZBC,286850,9649367,101412958
2024-08-26,EZBC,218786,9460427,101631744
2024-08-27,EZBC,649312,9697337,102281056
2024-08-28,EZBC,387776,9407997,102668832
2024-08-29,EZBC,436217,9270546,103105049
2024-08-30,EZBC,630829,9163865,103735878
2024-09-02,EZBC,541945,8990492,104277823
2024-09-03,EZBC,375028,8815427,104652851
2024-09-04,EZBC,559824,9009943,105212675
2024-09-05,EZBC,583637,8740521,105796312
2024-09-06,EZBC,499799,8823208,106296111
2024-09-09,EZBC,772582,9368569,107068693
2024-09-10,EZBC,280484,9460647,107349177
2024-09-11,EZBC,413168,9627934,107762345
2024-09-12,EZBC,657066,9880083,108419411
2024-09-13,EZBC,541440,9882522,108960851
2024-09-16,EZBC,657709,9966190,109618560
2024-09-17,EZBC,655117,10271603,110273677
2024-09-18,EZBC,831530,10767970,111105207
2024-09-19,EZBC,617193,10874603,111722400
2024-09-20,EZBC,264833,10861125,111987233
2024-09-23,EZBC,222067,10796342,112209300
2024-09-24,EZBC,824565,11402121,113033865
2024-09-25,EZBC,896520,11649329,113930385
2024-09-26,EZBC,388722,11650275,114319107
2024-09-27,EZBC,867689,12081747,115186796
2024-09-30,EZBC,847536,12298454,116034332
2024-10-01,EZBC,273929,12030438,116308261
2024-10-02,EZBC,178757,11834167,116487018
2024-10-03,EZBC,795477,12069820,117282495
2024-10-04,EZBC,464124,11950307,117746619
2024-10-07,EZBC,286222,11736730,118032841
2024-10-08,EZBC,601239,11565387,118634080
2024-10-09,EZBC,589905,11874808,119223985
2024-10-10,EZBC,526466,11988106,119750451
2024-10-11,EZBC,773566,12104606,120524017
2024-10-14,EZBC,267262,11830428,120791279
2024-10-15,EZBC,320976,11493695,121112255
2024-10-16,EZBC,535357,11373935,121647612
2024-10-17,EZBC,569440,11111845,122217052
2024-10-18,EZBC,956160,11450812,123173212
2024-10-21,EZBC,436486,11622465,123609698
2024-10-22,EZBC,699318,12099716,124309016
2024-10-23,EZBC,315017,11590168,124624033
2024-10-24,EZBC,295970,10989618,124920003
2024-10-25,EZBC,586782,11187678,125506785
2024-10-28,EZBC,487276,10807265,125994061
2024-10-29,EZBC,428888,10388617,126422949
2024-10-30,EZBC,656882,10771570,127079831
2024-10-31,EZBC,275816,10868629,127355647
2024-11-01,EZBC,782915,10856067,128138562
2024-11-05,EZBC,504363,10896306,128642925
2024-11-06,EZBC,725589,11335673,129368514
2024-11-07,EZBC,578814,11313248,129947328
2024-11-08,EZBC,622626,11345969,130569954
2024-11-09,EZBC,257870,11077373,130827824
2024-11-12,EZBC,516477,10820284,131344301
2024-11-13,EZBC,233471,10786493,131577772
2024-11-14,EZBC,290702,10756219,131868474
2024-11-15,EZBC,513355,10734217,132381829
2024-11-16,EZBC,578148,10742925,132959977
2024-11-19,EZBC,887419,10674184,133847396
2024-11-20,EZBC,307840,10545538,134155236
2024-11-21,EZBC,555511,10401731,134710747
2024-11-22,EZBC,849334,10936048,135560081
2024-11-23,EZBC,356627,10996705,135916708
2024-11-26,EZBC,352869,10762792,136269577
2024-11-27,EZBC,523132,10798648,136792709
2024-11-28,EZBC,623831,10993591,137416540
2024-11-29,EZBC,452036,10788745,137868576
2024-11-30,EZBC,237387,10750316,138105963
2024-12-03,EZBC,448267,10415668,138554230
2024-12-04,EZBC,684805,10596110,139239035
2024-12-05,EZBC,399615,10270136,139638650
2024-12-06,EZBC,665628,10356950,140304278
2024-12-07,EZBC,647876,10382200,140952154
2024-12-10,EZBC,893453,11017783,141845607
2024-12-11,EZBC,591540,11092846,142437147
2024-12-12,EZBC,705719,11565094,143142866
2024-12-13,EZBC,653963,11928355,143796829
2024-12-14,EZBC,601010,12016010,144397839
2024-12-17,EZBC,817516,12255378,145215355
2024-12-18,EZBC,325433,11693392,145540788
2024-12-19,EZBC,615161,12000713,146155949
2024-12-20,EZBC,327874,11773076,146483823
2024-12-21,EZBC,888946,11812688,147372769
2024-12-24,EZBC,980607,12436668,148353376
2024-12-25,EZBC,254612,12338411,148607988
2024-12-26,EZBC,687137,12502416,149295125
2024-12-27,EZBC,643816,12522401,149938941
2024-12-28,EZBC,570181,12640546,150509122
2024-12-31,EZBC,441710,12844869,150950832
2025-01-01,EZBC,528139,12924741,151478971
2025-01-02,EZBC,730907,12970843,152209878
2025-01-03,EZBC,372043,12943271,152581921
2025-01-04,EZBC,556393,12834036,153138314
2025-01-07,EZBC,473798,12659958,153612112
2025-01-08,EZBC,434671,12201176,154046783
2025-01-09,EZBC,396084,12005720,154442867
2025-01-10,EZBC,425346,11725347,154868213
2025-01-11,EZBC,289325,11360709,155157538
2025-01-14,EZBC,620277,11379976,155777815
2025-01-15,EZBC,745052,11307512,156522867
2025-01-16,EZBC,825698,11807777,157348565
2025-01-17,EZBC,501886,11694502,157850451
2025-01-18,EZBC,320662,11687290,158171113
2025-01-21,EZBC,454608,11252952,158625721
2025-01-22,EZBC,214434,10486779,158840155
2025-01-23,EZBC,443537,10675704,159283692
2025-01-24,EZBC,412239,10400806,159695931
2025-01-25,EZBC,198554,9955544,159894485
2025-01-28,EZBC,338222,9723585,160232707
2025-01-29,EZBC,421562,9703437,160654269
2025-01-30,EZBC,331767,9507065,160986036
2025-01-31,EZBC,917766,9693924,161903802
2025-02-01,EZBC,628377,9950258,162532179
2025-02-04,EZBC,848526,10242391,163380705
2025-02-05,EZBC,260662,10029255,163641367
2025-02-06,EZBC,490703,10085287,164132070
2025-02-07,EZBC,391515,10080718,164523585
2025-02-08,EZBC,592506,10247878,165116091
2025-02-11,EZBC,367062,10325615,165483153
2025-02-12,EZBC,296372,10001710,165779525
2025-02-13,EZBC,272373,9529031,166051898
2025-02-14,EZBC,478579,9181912,166530477
2025-02-15,EZBC,874871,9554897,167405348
2025-02-18,EZBC,769858,10004093,168175206
2025-02-19,EZBC,403724,9953209,168578930
2025-02-20,EZBC,339803,10078578,168918733
2025-02-21,EZBC,477981,10113022,169396714
2025-02-22,EZBC,251310,9952093,169648024
2025-02-25,EZBC,461691,10215230,170109715
2025-02-26,EZBC,442068,10319076,170551783
2025-02-27,EZBC,560807,10458321,171112590
2025-02-28,EZBC,508014,10634568,171620604
2025-03-01,EZBC,503673,10220475,172124277
2025-03-04,EZBC,787314,10379412,172911591
2025-03-05,EZBC,896951,10427837,173808542
2025-03-06,EZBC,478833,10646008,174287375
2025-03-07,EZBC,641078,10796383,174928453
2025-03-08,EZBC,723705,11128573,175652158
2025-03-10,EZBC,305119,10841186,175957277
2025-03-11,EZBC,709994,11184118,176667271
2025-03-12,EZBC,719215,11606961,177386486
2025-03-13,EZBC,654920,11989508,178041406
2025-03-14,EZBC,670476,12181405,178711882
2025-03-17,EZBC,267381,11573915,178979263
2025-03-18,EZBC,271728,11075785,179250991
2025-03-19,EZBC,655734,11327795,179906725
2025-03-20,EZBC,813233,11801225,180719958
2025-03-21,EZBC,415503,11738747,181135461
2025-03-24,EZBC,344109,11831546,181479570
2025-03-25,EZBC,442939,11812794,181922509
2025-03-26,EZBC,350708,11721434,182273217
2025-03-27,EZBC,465627,11626254,182738844
2025-03-28,EZBC,565694,11683934,183304538
2025-03-31,EZBC,320670,11500931,183625208
2025-04-01,EZBC,183768,10897385,183808976
2025-04-02,EZBC,228240,10228674,184037216
2025-04-03,EZBC,312047,10061888,184349263
2025-04-04,EZBC,164302,9585112,184513565
2025-04-07,EZBC,439807,9301214,184953372
2025-04-08,EZBC,536995,9533090,185490367
2025-04-09,EZBC,475855,9298951,185966222
2025-04-10,EZBC,384433,8964169,186350655
2025-04-11,EZBC,769812,9079061,187120467
2025-04-14,EZBC,716054,9124639,187836521
2025-04-15,EZBC,740909,9598167,188577430
2025-04-16,EZBC,881415,10207854,189458845
2025-04-17,EZBC,348575,9900695,189807420
2025-04-18,EZBC,370017,9457479,190177437
2025-04-21,EZBC,236833,9278809,190414270
2025-04-22,EZBC,535884,9470584,190950154
2025-04-23,EZBC,573993,9601638,191524147
2025-04-24,EZBC,421821,9672751,191945968
2025-04-25,EZBC,273817,9480941,192219785
2025-04-28,EZBC,482279,9397526,192702064
2025-04-29,EZBC,434797,9511653,193136861
2025-04-30,EZBC,898632,10226517,194035493
2025-05-01,EZBC,482941,10481218,194518434
2025-05-02,EZBC,241509,10410680,194759943
2025-05-05,EZBC,250045,10496423,195009988
2025-05-06,EZBC,857186,10913802,195867174
2025-05-07,EZBC,730529,11107336,196597703
2025-05-08,EZBC,675152,11306633,197272855
2025-05-09,EZBC,540604,11462804,197813459
2025-05-12,EZBC,618839,11311831,198432298
2025-05-13,EZBC,279837,10875614,198712135
2025-05-14,EZBC,605817,10740522,199317952
2025-05-15,EZBC,444374,10303481,199762326
2025-05-16,EZBC,780911,10735817,200543237
2025-05-19,EZBC,289713,10655513,200832950
2025-05-20,EZBC,267032,10685712,201099982
2025-05-21,EZBC,604223,10754051,201704205
2025-05-22,EZBC,566500,10746558,202270705
2025-05-23,EZBC,431110,10755847,202701815
2025-05-26,EZBC,936830,11418860,203638645
2025-05-27,EZBC,764032,11700613,204402677
2025-05-28,EZBC,720629,11986445,205123306
2025-05-29,EZBC,506174,11593987,205629480
2025-05-30,EZBC,405836,11516882,206035316
2025-06-02,EZBC,421785,11697158,206457101
2025-06-03,EZBC,287670,11734783,206744771
2025-06-04,EZBC,367394,11244991,207112165
2025-06-05,EZBC,370247,10884709,207482412
2025-06-06,EZBC,511812,10721369,207994224
2025-06-09,EZBC,472444,10653209,208466668
2025-06-10,EZBC,220189,10254559,208686857
2025-06-11,EZBC,260356,10235078,208947213
2025-06-12,EZBC,483909,10113170,209431122
2025-06-13,EZBC,895619,10564415,210326741
2025-06-16,EZBC,673721,10457225,211000462
2025-06-17,EZBC,804723,10972235,211805185
2025-06-18,EZBC,790450,11495653,212595635
2025-06-19,EZBC,480996,11372426,213076631
2025-06-20,EZBC,287469,11093395,213364100
2025-06-23,EZBC,763713,11425998,214127813
2025-06-24,EZBC,746954,11236122,214874767
2025-06-25,EZBC,379384,10851474,215254151
2025-06-26,EZBC,718002,10848847,215972153
2025-06-27,EZBC,246523,10589196,216218676
2025-06-30,EZBC,580934,10764294,216799610
2025-07-01,EZBC,222684,10565193,217022294
2025-07-02,EZBC,324655,10602178,217346949
2025-07-03,EZBC,738121,10972905,218085070
2025-07-04,EZBC,668184,11270842,218753254
2025-07-07,EZBC,509240,11268270,219262494
2025-07-08,EZBC,367793,11163619,219630287
2025-07-09,EZBC,494722,11438152,220125009
2025-07-10,EZBC,446620,11624416,220571629
2025-07-11,EZBC,168984,11309491,220740613
2025-07-14,EZBC,641801,11055673,221382414
2025-07-15,EZBC,249250,10631202,221631664
2025-07-16,EZBC,623437,10449916,222255101
2025-07-17,EZBC,460413,10119879,222715514
2025-07-18,EZBC,468772,10107655,223184286
2025-07-21,EZBC,398984,10219170,223583270
2025-07-22,EZBC,568529,10023986,224151799
2025-07-23,EZBC,861401,10138433,225013200
2025-07-24,EZBC,496288,10255337,225509488
2025-07-25,EZBC,802987,10340322,226312475
2025-07-28,EZBC,465920,10559719,226778395
2025-07-29,EZBC,695260,10674045,227473655
2025-07-30,EZBC,447829,10899190,227921484
2025-07-31,EZBC,296177,10870712,228217661
2025-08-01,EZBC,547144,10679735,228764805
2025-08-04,EZBC,461532,10473083,229226337
2025-08-05,EZBC,625688,10589531,229852025
2025-08-06,EZBC,574399,10796137,230426424
2025-08-07,EZBC,235277,10536692,230661701
2025-08-08,EZBC,233061,10323133,230894762
2025-08-11,EZBC,806777,10960926,231701539
2025-08-12,EZBC,294401,10613526,231995940
2025-08-13,EZBC,646409,11010685,232642349
2025-08-14,EZBC,171931,10559179,232814280
2025-08-15,EZBC,533410,10632176,233347690
2025-08-18,EZBC,454782,10618186,233802472
2025-08-19,EZBC,878134,11097336,234680606
2025-08-20,EZBC,560003,11088810,235240609
2025-08-21,EZBC,610164,10837573,235850773
2025-08-22,EZBC,860864,11202149,236711637
2025-08-25,EZBC,257258,10656420,236968895
2025-08-26,EZBC,421483,10611983,237390378
2025-08-27,EZBC,617921,10534644,238008299
2025-08-28,EZBC,601312,10688127,238609611
2025-08-29,EZBC,513118,10905068,239122729
2025-09-01,EZBC,543324,10901248,239666053
2025-09-02,EZBC,215571,10655287,239881624
2025-09-03,EZBC,728980,10758579,240610604
2025-09-04,EZBC,196036,10380216,240806640
2025-09-05,EZBC,279781,10424720,241086421
2025-09-08,EZBC,574445,10766104,241660866
2025-09-09,EZBC,563456,10522783,242224322
2025-09-10,EZBC,381303,10609685,242605625
2025-09-11,EZBC,347542,10310818,242953167
2025-09-12,EZBC,286258,10425145,243239425
2025-09-15,EZBC,592150,10483885,243831575
2025-09-16,EZBC,610267,10639370,244441842
2025-09-17,EZBC,572607,10333843,245014449
2025-09-18,EZBC,807402,10581242,245821851
2025-09-19,EZBC,322766,10293844,246144617
2025-09-22,EZBC,573086,10006066,246717703
2025-09-23,EZBC,369538,10118346,247087241
2025-09-24,EZBC,301609,9998472,247388850
2025-09-25,EZBC,285797,9666348,247674647